616
6 0 102 -0.5345224838248488 0.8017837257372732 -0.2672612419124244 36.48115952104592 
6 0 91 -0.5773502691896257 0.5773502691896256 -0.5773502691896258 68.63251324991677 
6 0 45 0.6859943405700354 -0.5144957554275265 0.5144957554275267 -75.88812392556018 
6 0 107     -1      0      0 69.375 
6 0 43 0.2425356250363321 -0.9701425001453321 -1.364294418383092e-15 4.820395547597283 
6 0 98 0.1622214211307622 -0.9733285267845752 -0.1622214211307632 21.77822578680494 
6 0 76      0     -1     -0 23.625 
6 0 81 -0.7071067811865475     -0 -0.7071067811865475 101.2930464049729 
6 0 116 0.4082482904638623 -0.8164965809277264 0.4082482904638632 -40.11039453807449 
6 2 10      0      1      0 -22.125 
6 2 106     -1      0      0 68.625 
6 2 79 -0.7071067811865475     -0 -0.7071067811865475 100.2323862331931 
6 2 14      0     -1     -0 21.375 
6 2 31 0.4472135954999579 -0.8944271909999159     -0 -12.24247217681135 
6 2 11 0.7071067811865475      0 0.7071067811865475 -101.2930464049729 
6 2 43 0.8164965809277261 -0.4082482904638631 0.4082482904638631 -78.38367176906171 
6 3 4      0      1      0 -20.625 
6 3 14 -0.5773502691896258 0.5773502691896258 -0.5773502691896258 70.79757675937788 
6 3 31     -0     -0     -1 73.875 
6 3 5 0.7071067811865475 -0.7071067811865475     -0 -35.53211575462402 
6 3 33 0.7071067811865475      0 0.7071067811865475 -102.3537065767527 
6 3 16      1     -0     -0 -70.125 
6 3 13 0.5773502691896258 -0.5773502691896258 0.5773502691896258 -72.09661486505452 
6 3 106 -0.6666666666666666 0.6666666666666666 -0.3333333333333333 56.625 
6 3 60 0.4472135954999579 -0.8944271909999159     -0 -13.91952315993619 
6 3 53 0.4082482904638631 -0.8164965809277261 0.4082482904638631 -43.17225671655352 
6 4 43      1      0      0 -70.125 
6 4 56 0.7071067811865475      0 0.7071067811865475 -102.3537065767527 
6 4 14 -0.7071067811865475     -0 -0.7071067811865475 101.2930464049729 
6 4 106 -0.8164965809277261 0.4082482904638631 -0.4082482904638631 77.77129933336592 
6 4 11     -0      1      0 -21.375 
6 4 31      0 -0.7071067811865475 -0.7071067811865475 66.82159082212874 
6 5 16     -0      1      0 -19.875 
6 5 98      0     -0     -1 73.875 
6 5 60     -0     -1     -0 19.125 
6 5 15 0.7071067811865475      0 0.7071067811865475 -102.8840366626427 
6 5 13      0      0      1 -74.625 
6 6 115      0     -0     -1 75.375 
6 6 35 0.5773502691896258 -0.5773502691896258 0.5773502691896258 -75.99372918208451 
6 6 114 0.8164965809277261 -0.4082482904638631 0.4082482904638631 -83.58883747247597 
6 6 108      0     -1     -0 16.875 
6 6 90 0.5773502691896258 0.5773502691896258 0.5773502691896258 -95.91231346912659 
6 6 53 -0.6666666666666666 0.6666666666666666 -0.3333333333333333 60.625 
6 6 7 -0.5773502691896258 0.5773502691896258 -0.5773502691896258 74.69469107640785 
6 6 34     -0      1      0 -17.625 
6 7 115 0.7071067811865475 -0.7071067811865475     -0 -38.18376618407356 
6 7 108 0.4082482904638631 -0.8164965809277261 0.4082482904638631 -45.9279326771846 
6 7 92     -0     -0     -1 74.625 
6 7 53 -0.7071067811865475 0.7071067811865475      0 37.12310601229375 
6 7 17     -0      1     -0 -18.375 
6 7 34 0.7071067811865475      0 0.7071067811865475 -103.9446968344225 
6 8 65      0     -1     -0 24.375 
6 8 112 -0.4472135954999579 0.8944271909999159      0 6.875909030811854 
6 8 63 -0.8164965809277261 0.4082482904638631 -0.4082482904638631 72.87231984779956 
6 8 64 -0.7071067811865475     -0 -0.7071067811865475 97.58073580374355 
6 8 62      0      1      0 -25.125 
6 8 50 0.7071067811865475      0 0.7071067811865475 -98.64139597552338 
6 8 89 0.8944271909999159      0 0.4472135954999579 -92.74091936680378 
6 9 25 0.5773502691896258 -0.5773502691896258 0.5773502691896258 -67.76648784613234 
6 9 112 -0.5345224838248487 0.8017837257372732 -0.2672612419124243 34.87759206957137 
6 9 105      0     -1     -0 23.625 
6 9 50      0      1      0 -24.375 
6 9 65 -0.7071067811865475     -0 -0.7071067811865475 98.64139597552338 
6 9 46      1     -0     -0 -67.875 
6 10 30      0      1      0 -22.875 
6 10 37 -0.7071067811865475     -0 -0.7071067811865475 100.2323862331931 
6 10 98 0.4472135954999579 -0.8944271909999159     -0 -12.41017727512383 
6 10 43 0.6666666666666666 -0.6666666666666666 0.3333333333333333 -56.625 
6 10 28 0.7071067811865475      0 0.7071067811865475 -101.2930464049729 
6 10 31 0.3162277660168379 -0.9486832980505138     -0 -1.660195771588395 
6 10 32     -1      0      0 68.625 
6 11 106 -0.8944271909999159     -0 -0.4472135954999579 94.75338054655359 
6 11 28      0      1      0 -22.125 
6 11 94 0.7071067811865475      0 0.7071067811865475 -102.3537065767527 
6 11 43 0.7071067811865475 -0.7071067811865475     -0 -34.47145558284419 
6 12 86 -0.7071067811865475     -0 -0.7071067811865475 97.58073580374355 
6 12 44      0      1      0 -26.625 
6 12 89 0.6666666666666666 -0.6666666666666666 0.3333333333333333 -52.125 
6 12 48 0.7071067811865475      0 0.7071067811865475 -98.64139597552338 
6 12 62     -0     -1     -0 25.875 
6 12 112     -1      0      0 66.375 
6 13 15      1     -0     -0 -70.875 
6 13 53      0     -1     -0 19.125 
6 13 29 0.8164965809277261 -0.4082482904638631 0.4082482904638631 -81.13934772969279 
6 13 110 0.6396021490668312 0.4264014327112208 0.6396021490668312 -103.1358465370265 
6 13 33     -0      1      0 -19.875 
6 13 106 -0.6396021490668313 0.6396021490668313 -0.4264014327112208 62.84091114581617 
6 14 31 0.7071067811865475 -0.7071067811865475     -0 -34.47145558284419 
6 14 79 -0.5773502691896258 0.5773502691896258 -0.5773502691896258 69.49853865370122 
6 14 75 0.5547001962252291 -0.8320502943378438     -0 -22.15333908674509 
6 14 106 -0.7071067811865475 0.7071067811865475      0 33.41079541106437 
6 14 101 -0.7276068751089989 0.4850712500726659 -0.4850712500726659 74.12495040172927 
6 14 60 0.5345224838248487 -0.8017837257372732 0.2672612419124244 -41.09141594403525 
6 14 53 0.4850712500726659 -0.7276068751089989 0.4850712500726659 -55.38907336767254 
6 15 17     -0     -1     -0 19.125 
6 15 113      0      1      0 -19.875 
6 15 92     -0 -0.8944271909999159 -0.4472135954999579 50.14382439543279 
6 15 98 -0.4472135954999579     -0 -0.8944271909999159 98.10748251280327 
6 15 29 0.5773502691896258 -0.5773502691896258 0.5773502691896258 -73.8286656726234 
6 16 33     -0      0      1 -74.625 
6 16 113 0.7071067811865475      0 0.7071067811865475 -102.8840366626426 
6 16 43      0      1      0 -20.625 
6 16 31 -0.7071067811865475      0 -0.7071067811865475 101.8233764908628 
6 16 98     -0 -0.7071067811865475 -0.7071067811865475 66.29126073623883 
6 17 60 -0.7071067811865475     -0 -0.7071067811865475 102.8840366626426 
6 17 53     -1      0      0 70.875 
6 17 92     -0 -0.7071067811865475 -0.7071067811865475 65.76093065034891 
6 17 29 0.7071067811865475      0 0.7071067811865475 -103.9446968344225 
6 18 68     -0     -1     -0 28.125 
6 18 73 -0.196116135138184 0.9805806756909201      0 -17.35627795972928 
6 18 77 0.7071067811865475      0 0.7071067811865475 -94.929085374294 
6 18 51     -0      1      0 -28.875 
6 18 67 -0.5773502691896258 0.5773502691896258 -0.5773502691896258 59.97225921207239 
6 18 88 0.8164965809277261 -0.4082482904638631 0.4082482904638631 -69.81045766932058 
6 18 70 -0.5773502691896258 -0.5773502691896257 -0.5773502691896258 92.88122455588106 
6 19 73 -0.5345224838248488 0.8017837257372732 -0.2672612419124244 27.86198446937024 
6 19 85     -0      1      0 -30.75 
6 19 40 -0.5773502691896258 0.5773502691896258 -0.5773502691896258 59.97225921207239 
6 19 111 0.5773502691896258 0.5773502691896258 0.5773502691896258 -95.91231346912659 
6 19 88 0.3162277660168379 -0.9486832980505138     -0 6.877953910866228 
6 19 71 -0.7071067811865475     -0 -0.7071067811865475 94.929085374294 
6 19 109 0.7071067811865475      0 0.7071067811865475 -95.98974554607382 
6 19 23      0     -1     -0 29.625 
6 20 58 0.7071067811865475      0 0.7071067811865475 -99.7020561473032 
6 20 50     -0     -1     -0 25.125 
6 20 112 -0.8164965809277261 0.4082482904638631 -0.4082482904638631 73.48469228349535 
6 20 48      0      1      0 -25.875 
6 20 62 -0.7071067811865475     -0 -0.7071067811865475 98.64139597552337 
6 20 89 0.7071067811865475 -0.7071067811865475     -0 -30.22881489572491 
6 21 88     -0      1      0    -27 
6 21 98 0.5793241220216588 -0.7448452997421298 0.3310423554409484 -46.11833814236715 
6 21 61 0.4200957037790456 -0.3196380354840568 -0.8493239228576346 -0.2054815942397816 
6 21 38      0     -1     -0   25.5 
6 21 39 0.5773502691896258 -0.5773502691896258 0.5773502691896258 -63.86937352910236 
6 21 86 0.7071067811865475      0 0.7071067811865475 -96.52007563196373 
6 21 89 0.7427813527082062 -0.3713906763541077 0.5570860145311545 -80.01147883703695 
6 21 26 0.5773502691896258 0.5773502691896258 0.5773502691896258 -94.18026266155772 
6 21 74 -0.7071067811865475 -0.7071067811865475     -0 64.16994039267918 
6 21 63      0 -0.7071067811865475 0.7071067811865475 -31.81980515339464 
6 21 24 -0.8164965809277261 0.4082482904638631 -0.4082482904638631 70.42283010501637 
6 21 70 -0.7276068751090015 0.4850712500726608 -0.4850712500726675 67.39458680697143 
6 21 49     -1      0      0 64.875 
6 21 52 -0.7071067811865475 0.7071067811865475      0 27.04683438038544 
6 21 41     -0 0.7071067811865475 0.7071067811865475 -68.94291116568837 
6 22 79 0.6396021490668313 -0.6396021490668313 0.4264014327112208 -59.00329825141518 
6 22 101 0.4082482904638631 -0.8164965809277261 0.4082482904638631 -37.35471857744347 
6 22 37 0.7276068751089989 -0.4850712500726659 0.4850712500726659 -72.48783493273402 
6 22 38 -0.5773502691896258 0.5773502691896258 -0.5773502691896258 64.7353989328868 
6 22 80 0.5773502691896258 -0.5773502691896258 0.5773502691896258 -66.03443703856345 
6 22 42 0.8017837257372732 -0.2672612419124244 0.5345224838248488 -85.99130458532255 
6 22 65 0.7071067811865475      0 0.7071067811865475 -97.58073580374355 
6 22 46 0.8320502943378437      0 0.5547001962252291 -95.78979013564427 
6 22 74 -0.6666666666666666 0.6666666666666666 -0.3333333333333333 50.625 
6 22 63 -0.4472135954999579 0.8944271909999159      0 7.211319227436821 
6 22 64     -0      1      0 -24.375 
6 23 84 0.7071067811865475      0 0.7071067811865475 -95.98974554607382 
6 23 73 -0.4364357804719848 0.8728715609439696 -0.2182178902359924 16.28451005886093 
6 23 51 -0.7071067811865475     -0 -0.7071067811865475 94.929085374294 
6 23 88 0.4472135954999579 -0.8944271909999159     -0 -3.521807064562168 
6 23 77     -0     -1     -0 28.875 
6 24 52 0.7071067811865475      0 0.7071067811865475 -94.929085374294 
6 24 88 0.8164965809277261 0.4082482904638631 0.4082482904638631 -92.46823779006499 
6 24 70 -0.5773502691896258 0.5773502691896258 -0.5773502691896258 60.83828461585683 
6 24 68      0      1      0 -27.375 
6 24 73 -0.1414213562373095 0.9899494936611665      0 -20.36467529817257 
6 24 74 0.4082482904638631 -0.8164965809277261 0.4082482904638631 -33.3742977454208 
6 24 96 -0.6965260331469925 0.3980148760839956 -0.5970223141259935 71.5307360112206 
6 24 49 0.5773502691896258 -0.5773502691896258 0.5773502691896258 -62.13732272153348 
6 24 99 -0.6469966392206304 0.5391638660171919 -0.5391638660171921 60.81768408673928 
6 24 38 0.5345224838248488 -0.8017837257372732 0.2672612419124244 -32.47224089235957 
6 25 112 -0.5570860145311556 0.7427813527082074 -0.3713906763541037 46.02923195063673 
6 25 105 -0.7071067811865475     -0 -0.7071067811865475 99.7020561473032 
6 25 107 0.5773502691896258 0.5773502691896258 0.5773502691896258 -95.91231346912659 
6 25 46      0 0.7071067811865475 -0.7071067811865475 35.0017856687341 
6 25 42      0     -0     -1 73.125 
6 25 30      1     -0     -0 -68.625 
6 25 81 0.7071067811865475 0.7071067811865475      0 -65.230600564459 
6 25 32     -0     -1     -0 22.875 
6 26 100     -0      1      0 -27.375 
6 26 88 -0.5773502691896258 0.5773502691896258 -0.5773502691896258 63.00334812531793 
6 26 89 0.6396021490668313 -0.6396021490668313 0.4264014327112208 -57.08449180421469 
6 26 86      0     -1     -0 26.625 
6 26 112      0 -0.7071067811865475 0.7071067811865475 -31.81980515339464 
6 26 44 0.7071067811865475      0 0.7071067811865475 -97.58073580374355 
6 26 57     -0 0.7071067811865475 0.7071067811865475 -70.0035713374682 
6 26 41     -1      0      0 65.625 
6 27 111 -0.4866642633922876 0.8111071056538127 -0.3244428422615251 32.24150744973906 
6 27 102 0.5773502691896257 -0.5773502691896258 0.5773502691896257 -66.03443703856344 
6 27 69 -0.5345224838248488 0.8017837257372731 -0.2672612419124245 32.47224089235957 
6 27 45 0.6311687442672025 -0.6311687442672025 0.4508348173337163 -62.51951829375309 
6 27 57 -0.8164965809277261 0.4082482904638631 -0.4082482904638631 72.87231984779956 
6 27 112 -0.8164965809277261 -0.4082482904638631 -0.4082482904638631 94.91772753284816 
6 27 44 -0.7071067811865475     -0 -0.7071067811865475 98.64139597552338 
6 27 89 0.3162277660168379 -0.9486832980505138     -0 3.083220718664172 
6 27 55 -0.5773502691896258 0.5773502691896258 -0.5773502691896258 64.7353989328868 
6 27 91 0.5345224838248488 -0.8017837257372732 0.2672612419124243 -35.27848393244001 
6 27 48      0     -1     -0 26.625 
6 28 76     -0      1      0 -22.875 
6 28 107 -0.4472135954999579 0.8944271909999159      0 10.23001099706154 
6 28 116 0.7071067811865475      0 0.7071067811865475 -102.3537065767527 
6 28 32 -0.8944271909999159     -0 -0.4472135954999579 94.75338054655359 
6 28 43 0.4472135954999579 -0.8944271909999159     -0 -11.90706198018638 
6 29 34      0     -1     -0 18.375 
6 29 92 -0.4082482904638643 -0.4082482904638618 -0.8164965809277261 97.97958971132721 
6 29 115      0 -0.8944271909999159 -0.4472135954999579 49.80841419880781 
6 29 53 -0.8944271909999159     -0 -0.4472135954999579 97.43666211955333 
6 29 90 0.5773502691896258 -0.5773502691896258 0.5773502691896258 -75.12770377830006 
6 29 113 -0.4082482904638636 0.8164965809277253 -0.4082482904638641 44.09081537009735 
6 29 45 0.2357022603955159 0.9428090415820635 0.2357022603955159 -54.0936687607709 
6 29 110 0.2672612419124209 0.8017837257372757 0.5345224838248466 -76.16945394504057 
6 29 103 0.666666666666666 0.3333333333333363 0.666666666666666 -105.8749999999999 
6 29 33 -0.6666666666666765 0.6666666666666544 -0.3333333333333383 59.62500000000132 
6 30 81     -0      1      0 -23.625 
6 30 42 -0.7071067811865475     -0 -0.7071067811865475 100.2323862331931 
6 30 98 0.3713906763541037 -0.9284766908852592     -0 -6.058310408026312 
6 30 76 0.7071067811865475      0 0.7071067811865475 -101.2930464049729 
6 30 107      0 0.7071067811865475 0.7071067811865475 -68.94291116568837 
6 30 43 0.5345224838248488 -0.8017837257372731 0.2672612419124243 -39.28740256112638 
6 31 79 -0.6666666666666666 0.6666666666666666 -0.3333333333333333 56.375 
6 31 75 0.4472135954999579 -0.8944271909999159     -0 -13.91952315993619 
6 31 98 0.7071067811865475 -0.7071067811865475     -0 -35.53211575462402 
6 31 43 0.5773502691896258 0.5773502691896258 0.5773502691896258 -95.04628806534215 
6 31 37 -0.5345224838248488 0.8017837257372732 -0.2672612419124244 39.28740256112638 
6 32 106     -0     -1     -0 22.125 
6 32 37      0     -0     -1 73.125 
6 32 112 -0.4866642633922876 0.8111071056538127 -0.3244428422615251 36.49981975442157 
6 32 105 -0.5773502691896258 0.5773502691896258 -0.5773502691896258 68.19950054802456 
6 32 63 -0.6246950475544242 0.6246950475544242 -0.4685212856658182 60.61494133301522 
6 32 107 0.4082482904638631 0.8164965809277261 0.4082482904638631 -77.15892689767011 
6 33 56     -0      1      0 -20.625 
6 33 113      1     -0     -0 -70.875 
6 33 110 0.6882472016116853 0.2294157338705617 0.6882472016116853 -106.4202235492068 
6 33 106 -0.7276068751089989 0.4850712500726659 -0.4850712500726659 76.30777102705626 
6 34 90 0.7071067811865475      0 0.7071067811865475 -105.0053570062023 
6 34 115      0 -0.7071067811865475 -0.7071067811865475 65.76093065034891 
6 34 53 -0.8164965809277261 0.4082482904638631 -0.4082482904638631 81.44553394754068 
6 35 90     -0      1      0 -17.25 
6 35 114      1      0      0 -73.125 
6 35 108 -0.7071067811865475     -0 -0.7071067811865475 105.0053570062023 
6 35 117     -0 -0.7071067811865475 -0.7071067811865475 65.23060056445901 
6 35 82     -0     -1     -0 16.125 
6 35 110     -0 0.9863939238321437 0.1643989873053573 -31.13305822095204 
6 35 125 0.5773502691896256 -0.5773502691896261 0.5773502691896256 -77.29276728776112 
6 35 53 -0.6396021490668313 0.6396021490668313 -0.4264014327112208 66.83842457748386 
6 36 119 0.7071067811865475      0 0.7071067811865475 -95.98974554607381 
6 36 52     -0     -1     -0 27.375 
6 36 88      1     -0     -0 -64.875 
6 36 77      0      1      0 -28.125 
6 36 68 -0.7071067811865475     -0 -0.7071067811865475 94.929085374294 
6 36 73 -0.3123475237772121 0.9370425713316364 -0.1561737618886061 2.752562553286683 
6 37 38 -0.6859943405700351 0.5144957554275267 -0.5144957554275267 70.48591849357112 
6 37 42     -0      1      0 -22.875 
6 37 98 0.5883484054145522 -0.7844645405527361 0.1961161351381842 -38.68390765600682 
6 37 105 -0.7071067811865475 0.7071067811865475     -0 31.81980515339464 
6 37 79      0     -1     -0 22.125 
6 37 101 -0.8944271909999159     -0 -0.4472135954999579 92.74091936680378 
6 38 101 0.485071250072666 -0.727606875108999 0.485071250072666 -49.38631664802331 
6 38 75 0.6163156344279368 -0.7043607250604991 0.3521803625302495 -51.86956401890832 
6 38 98 0.6556100681071857 -0.655610068107186 0.3746343246326775 -56.96783198945651 
6 38 96 -0.6726915834767424 0.5232045649263549 -0.5232045649263553 62.81257660714083 
6 38 61 0.4224986934208163 -0.3030968887584108 -0.8541821410464366 -0.6750794340527158 
6 38 64 0.7071067811865475      0 0.7071067811865475 -96.52007563196372 
6 38 63     -0 0.7071067811865475 0.7071067811865475 -67.88225099390856 
6 38 74 -0.7071067811865476 0.7071067811865475 -2.842025945415482e-16 28.10749455216529 
6 38 70 -0.5570860145311557 0.7427813527082072 -0.371390676354104 42.12962984891867 
6 38 46 0.7844645405527361 -0.196116135138184 0.5883484054145521 -89.72313182571919 
6 38 42 0.742781352708207 -0.3713906763541043 0.5570860145311557 -80.56856485156834 
6 38 89 0.8000000000000002 -4.736951571733999e-16 0.5999999999999998 -96.37499999999997 
6 38 79 0.624695047554425 -0.6246950475544231 0.468521285665819 -60.73207165443181 
6 38 39 0.5773502691896258 0.5773502691896258 0.5773502691896258 -93.31423725777327 
6 39 86      0      1      0 -25.875 
6 39 112     -0 0.7071067811865475 0.7071067811865475 -68.94291116568837 
6 39 63     -1      0      0 65.625 
6 39 89 0.8017837257372732 -0.2672612419124244 0.5345224838248488 -85.59041272245392 
6 39 62 0.7071067811865475      0 0.7071067811865475 -97.58073580374355 
6 39 64     -0     -1     -0 25.125 
6 40 85 0.5773502691896258 0.5773502691896258 0.5773502691896258 -95.47930076723438 
6 40 88 0.4364357804719848 -0.8728715609439696 0.2182178902359924 -17.92114423563088 
6 40 93      0      1      0 -31.125 
6 40 122 -0.5773502691896258 0.5773502691896258 -0.5773502691896258 58.67322110639573 
6 40 71      0     -1     -0 30.375 
6 40 73 -0.4472135954999579 0.8944271909999159      0 0.167705098312485 
6 41 86 0.7071067811865475 -0.7071067811865475     -0 -27.57716446627535 
6 41 63     -0     -1     -0  26.25 
6 41 49 -0.5773502691896258 -0.5773502691896258 -0.5773502691896258 93.74724995966548 
6 41 52 -0.7071067811865475     -0 -0.7071067811865475 95.98974554607381 
6 41 112 0.5773502691896258 -0.5773502691896258 0.5773502691896258 -63.86937352910236 
6 41 73 -0.3810003810005714 0.8890008890013336 -0.254000254000381 16.002016002024 
6 41 119     -0      1      0 -27.375 
6 41 88      0 0.7071067811865475 -0.7071067811865475 30.75914498161482 
6 41 57 0.5773502691896258 0.5773502691896258 0.5773502691896258 -95.04628806534215 
6 42 46     -0      1      0 -23.625 
6 42 98 0.5070925528371102 -0.8451542547285164 0.1690308509457036 -29.47475463365706 
6 42 105     -1      0      0 67.875 
6 42 80 -0.8944271909999159     -0 -0.4472135954999579 92.74091936680378 
6 43 98      0 -0.8944271909999159 -0.4472135954999579 51.15005498530769 
6 43 76 -0.3162277660168379 0.9486832980505138      0 1.185854122563139 
6 43 94     -0 0.7071067811865475 0.7071067811865475 -67.88225099390856 
6 43 116      0 0.8944271909999159 0.4472135954999579 -52.82710596843253 
6 43 45 0.6882472016116852 0.2294157338705622 0.6882472016116852 -106.076099948401 
6 43 113 0.5773502691896258 -0.5773502691896258 0.5773502691896258 -72.09661486505453 
6 43 56     -0      0      1 -74.625 
6 43 81 -0.4364357804719848 0.8728715609439696 -0.2182178902359924 26.92263220786556 
6 44 89 0.5345224838248488 -0.8017837257372732 0.2672612419124244 -34.67714613813707 
6 44 55      0      1      0 -27.375 
6 44 112 -0.7071067811865475 -0.7071067811865475     -0 65.76093065034891 
6 44 57 -0.7071067811865475 0.7071067811865475      0 27.57716446627535 
6 45 91 -0.6622661785325219 0.5298129428260175 -0.5298129428260175 74.3559351947389 
6 45 98 -0.5144957554275262 -0.5144957554275269 -0.6859943405700352 98.91180898094194 
6 45 111 -0.584206237836986 0.7010474854043832 -0.4089443664858903 52.11849899303211 
6 45 61 0.3241008110307838 -0.261081208885909 -0.9092828309474783 10.0066125405755 
6 45 78 0.5773502691896257 -0.5773502691896257 0.577350269189626 -74.26167837451563 
6 45 102 -0.6396021490668313 0.6396021490668313 -0.4264014327112208 61.72160738494922 
6 45 94 -0.8320502943378437     -0 -0.5547001962252291 101.6141421960092 
6 45 56 -0.8017837257372732 -0.2672612419124244 -0.5345224838248488 103.6305465515426 
6 45 110 1.240566880935329e-15 -0.7071067811865475 0.7071067811865475 -39.24442635585347 
6 45 103 0.3015113445777473 -0.9045340337333018 0.3015113445777473 -26.57068724091276 
6 45 92 -0.324442842261525 -0.8111071056538127 -0.4866642633922876 76.16295722089301 
6 45 116 -0.8017837257372724 0.2672612419124262 -0.5345224838248488 92.00468252835201 
6 45 113 -0.5773502691896258 -0.5773502691896258 -0.5773502691896258 97.42785792574935 
6 45 107 -0.7624928516630315 0.4574957109978061 -0.4574957109978084 78.06020568900234 
6 46 81 0.7071067811865475      0 0.7071067811865475 -100.2323862331931 
6 46 89     -0      1      0 -24.375 
6 46 98 0.4423258684646914 -0.8846517369293827 0.1474419561548972 -22.22687489035075 
6 46 65 -0.8944271909999159     -0 -0.4472135954999579 92.74091936680378 
6 47 57 0.5773502691896258 -0.5773502691896256 0.5773502691896258 -63.00334812531793 
6 47 100 0.7071067811865475 -0.7071067811865475     -0 -26.51650429449553 
6 47 69 0.5773502691896258 0.5773502691896258 0.5773502691896258 -95.91231346912659 
6 47 119     -0     -1     -0 28.125 
6 47 73 -0.4866642633922875 0.8111071056538126 -0.324442842261525 29.4431879352334 
6 47 77 -0.7071067811865475     -0 -0.7071067811865475 95.98974554607381 
6 47 84      0      1      0 -28.875 
6 47 88     -0 -0.7071067811865475 -0.7071067811865475 70.0035713374682 
6 48 102 0.7071067811865475      0 0.7071067811865475 -99.70205614730318 
6 48 89 0.4472135954999579 -0.8944271909999159     -0 -7.546729424061791 
6 48 112 -0.8944271909999159     -0 -0.4472135954999579 92.07009897355384 
6 49 73 -0.2407717061715384 0.9630868246861536 -0.1203858530857692 -4.379035405994856 
6 49 74     -0     -1     -0 25.875 
6 49 63 0.5773502691896258 -0.5773502691896258 0.5773502691896258 -63.43636082721014 
6 49 52     -0      1      0 -26.625 
6 50 112 -0.6666666666666666 0.6666666666666666 -0.3333333333333333 51.625 
6 50 58 0.5773502691896258 0.5773502691896258 0.5773502691896258 -95.91231346912659 
6 50 89      1     -0     -0 -67.875 
6 51 73 -0.242535625036333 0.9701425001453319      0 -14.46118664279135 
6 51 67 -0.7071067811865475     -0 -0.7071067811865475 93.86842520251417 
6 51 71      0      1      0 -29.625 
6 51 88 0.6666666666666666 -0.6666666666666666 0.3333333333333333 -47.375 
6 52 73 -0.2721655269759086 0.9525793444156804 -0.1360827634879543 -1.32680694400756 
6 52 88 0.7071067811865475 0.7071067811865475      0 -65.230600564459 
6 53 108 0.5345224838248488 -0.8017837257372732 0.2672612419124243 -44.09810491555002 
6 53 110 0.5773502691896258 0.5773502691896258 0.5773502691896258 -96.77833887291104 
6 53 90 0.8017837257372732 -0.2672612419124244 0.5345224838248488 -93.00691218552369 
6 53 101 -0.6154574548966636 0.6154574548966638 -0.4923659639173308 65.73085618296366 
6 53 60      0     -0     -1 74.625 
6 54 104 -0.7071067811865475     -0 -0.7071067811865475 92.27743494484444 
6 54 83 -0.6288281455225324 0.6288281455225323 -0.4573295603800236 42.44589982277094 
6 54 120 -0.7419985160044521 -0.2119995760012708 -0.6359987280038162 93.84956230106309 
6 54 59 0.5773502691896258 -0.5773502691896258 0.5773502691896258 -56.50815759693462 
6 54 124 0.5345224838248488 -0.8017837257372731 0.2672612419124243 -25.45663329215843 
6 54 122 0.242535625036333 -0.9701425001453319     -0 16.8259089868956 
6 54 61 0.4402766510990385 -0.4050545190111154 -0.8013035050002523 -0.7297585491965854 
6 54 121 -0.6064496310619684 0.6615814157039654 -0.4410542771359769 38.55779188399674 
6 54 97      0     -1     -0  33.75 
6 55 85 -0.4866642633922871 0.8111071056538134 -0.3244428422615241 31.02484679125821 
6 55 111 -0.4364357804719848 0.8728715609439696 -0.2182178902359924 18.90312474169284 
6 55 61 0.3962516997694189 -0.3332116566242839 -0.8555434426839742 2.755750457487377 
6 55 100 -0.7071067811865477 1.647986826380594e-16 -0.7071067811865475 97.58073580374358 
6 55 89 0.4364357804719851 -0.8728715609439693 0.2182178902359927 -22.34005651290977 
6 55 124 -0.5121475197315846 0.768221279597375 -0.3841106397986886 37.5948288702967 
6 55 91 0.5570860145311556 -0.7427813527082077 0.3713906763541036 -45.33287443247276 
6 55 69 -0.4472135954999579 0.8944271909999159      0 4.192627457812105 
6 55 57     -1      0      0 66.375 
6 56 107 -0.4364357804719847 0.8728715609439696 -0.2182178902359923 27.08629562554254 
6 56 94     -0      1      0 -21.375 
6 56 110 0.7071067811865475      0 0.7071067811865475 -104.4750269203124 
6 56 106 -0.8017837257372732 0.2672612419124244 -0.5345224838248488 89.59933135114028 
6 56 113 0.7071067811865475 -0.7071067811865475     -0 -35.53211575462401 
6 57 107 0.565685424949238 -0.7071067811865476 0.4242640687119285 -50.91168824543142 
6 57 102 0.7276068751089989 -0.4850712500726659 0.4850712500726659 -71.03262118251602 
6 57 69     -0      1      0  -28.5 
6 57 110 0.6195855517393608 -0.6195855517393659 0.4818998735750584 -63.84312789380983 
6 57 112      0     -1     -0     27 
6 57 73 -0.5121475197315839 0.7682212795973759 -0.3841106397986879 37.2107182304979 
6 57 100     -0     -0     -1 71.625 
6 57 119 -0.7071067811865475     -0 -0.7071067811865475 97.05040571785364 
6 58 112 -0.8017837257372732 0.2672612419124244 -0.5345224838248488 85.79085865388824 
6 58 102     -0      1      0 -25.875 
6 58 107 0.4082482904638631 -0.8164965809277261 0.4082482904638631 -37.96709101313927 
6 58 91 0.7071067811865475 -0.7071067811865475     -0 -30.75914498161482 
6 58 89     -0 -0.7071067811865475 -0.7071067811865475 69.47324125157829 
6 59 97 -0.5773502691896258 -0.5773502691896257 -0.5773502691896258 95.47930076723438 
6 59 120 -0.7492686492653552 -0.09365858115816954 -0.6556100681071858 92.08979992377006 
6 59 83 -0.6246950475544241 0.6246950475544245 -0.4685212856658181 43.74817504904581 
6 59 123      0     -1     -0 33.375 
6 59 69 0.5121475197315839 -0.7682212795973759 0.3841106397986879 -36.05838631110183 
6 59 124 0.4472135954999579 -0.8944271909999159     -0 1.173935688187392 
6 59 111 0.5570860145311556 -0.7427813527082074 0.3713906763541037 -37.95148473993497 
6 59 85 0.5345224838248487 -0.8017837257372732 0.2672612419124243 -26.65930888076431 
6 60 92 0.7071067811865475 -0.7071067811865475     -0 -37.12310601229374 
6 60 106 -0.5883484054145502 0.7844645405527368 -0.1961161351381867 39.41934316277506 
6 60 101 -0.6509445549041191 0.6509445549041191 -0.3905667329424724 59.80553098181601 
6 60 75      0     -0     -1 73.875 
6 60 108 0.4850712500726658 -0.7276068751089988 0.4850712500726664 -58.11759914933131 
6 61 118 -0.5481509678620247 0.4796320968792727 0.6851887098275317 10.38060895388703 
6 61 89 -0.3823082295755522 0.3003850375236481 0.8738473818869765 -3.717264839355142 
6 61 91 -0.3715164442486426 0.2990254307367126 0.8789535388321551 -4.984889851031358 
6 61 98 -0.3620122976785667 0.241341531785711 0.9003895608928456 -4.96374554316958 
6 61 104 -0.4504815243796846 0.4063166690483427 0.794967395964146 1.884735201265112 
6 61 100 -0.4069108641326019 0.3345711549534711 0.8499915828547714 -1.519133892761769 
6 61 88 -0.4175955252945162 0.3358920529542845 0.8442692141823916 -0.285962153190809 
6 61 124 -0.4273298061871235 0.3828162847092984 0.8190487951919865 -0.1101709656576233 
6 61 96 -0.5016402676785016 0.3648292855843668 0.7843829640063849 8.335209084085207 
6 61 120 -0.5116688342775929 0.3949724334774397 0.7630149283086921 8.691637698057523 
6 61 114 -0.3207097502613201 0.2015889858785453 0.9254767078969526 -9.628164859630953 
6 61 117 -0.332295108589189 0.193838813343698 0.9230419683032869 -8.172382826864734 
6 61 95 -0.5389144657595918 0.4790350806751926 0.6928900274051902 9.398924908783339 
6 61 115 -0.3420797401102542 0.2126441627712408 0.9152944397544536 -7.12473512763377 
6 61 66 -0.5252728533678608 0.4913842821828367 0.6947157092929771 7.612220302435894 
6 61 99 -0.4895757002411849 0.3717148835164539 0.7887608503885715 6.881258453390156 
6 61 122 -0.4392190635967113 0.3764734830828943 0.8156925466796064 1.364716376175537 
6 61 111 -0.4092649791535576 0.3647796553325193 0.836324087835527 -1.951793582647973 
6 61 75 -0.3628103201801891 0.2325707180642238 0.9023743860891885 -4.796771060074626 
6 61 83 -0.5181600042729632 0.4841822990747516 0.7050373828631575 7.011087106997454 
6 61 92 -0.3524567205325905 0.2226042445468988 0.9089673318998411 -5.95466354162965 
6 61 70 -0.4463592475544153 0.3370467787655843 0.8289528883153733 2.736227734369397 
6 61 85 -0.4183442171370892 0.3738395131863357 0.8277874934840218 -1.021382955669623 
6 61 67 -0.4435706215891511 0.353046004938292 0.8237740115226538 2.203142857742165 
6 62 112 -0.7071067811865475 0.7071067811865475      0 28.63782463805517 
6 62 89 0.8164965809277261 -0.4082482904638631 0.4082482904638631 -74.40325093703905 
6 63 105 0.6396021490668313 -0.6396021490668313 0.4264014327112208 -57.56419341601482 
6 63 64 0.7071067811865475 -0.7071067811865475     -0 -28.63782463805518 
6 63 73 -0.309426373877638 0.9282791216329142 -0.2062842492517587 7.580946160002132 
6 63 80 0.5345224838248488 -0.8017837257372732 0.2672612419124244 -34.87759206957139 
6 63 101 0.4364357804719848 -0.8728715609439696 0.2182178902359923 -23.48570043664868 
6 63 65 0.6666666666666666 -0.6666666666666666 0.3333333333333333 -51.375 
6 63 86 0.7071067811865475 0.7071067811865475      0 -64.7002704785691 
6 64 89 0.8320502943378437      0 0.5547001962252291 -95.78979013564425 
6 65 80      0     -1     -0 23.625 
6 65 112 -0.3162277660168379 0.9486832980505138     -0 -2.846049894151545 
6 66 120 0.3296902366978975 -0.9231326627540999 0.1978141420187381 4.599178801935124 
6 67 99 -0.7453559924999302 0.2981423969999711 -0.5962847939999441 76.86483672655532 
6 67 96 -0.7620007620011428 0.1270001270001929 -0.6350006350009523 85.15358515362763 
6 67 122      0      1      0 -30.375 
6 67 70     -0     -1     -0   28.5 
6 67 88 0.7276068751089996 -0.4850712500726647 0.4850712500726664 -66.66697993186213 
6 67 97 -0.1961161351381853 0.9805806756909199     -0 -18.23880056785104 
6 67 73     -0 0.9701425001453319 0.242535625036333 -46.65779086636455 
6 67 71 0.5773502691896258 0.5773502691896258 0.5773502691896258 -93.74724995966551 
6 68 70 -0.7071067811865475     -0 -0.7071067811865475 93.86842520251417 
6 68 88 0.8944271909999159      0 0.4472135954999579 -89.05140720392912 
6 68 73 -0.1643989873053573 0.9863939238321439      0 -19.17303189448729 
6 69 111 -0.4082482904638631 0.8164965809277261 -0.4082482904638631 31.53718043833342 
6 69 123 -0.565685424949238 0.7071067811865476 -0.4242640687119285 44.5477272147525 
6 69 110 0.5680749627880228 -0.6943138434075835 0.4418360821684622 -54.93758285962504 
6 69 109 -0.5773502691896258 0.5773502691896258 -0.5773502691896258 62.13732272153348 
6 69 100      0 -0.8944271909999159 -0.4472135954999579 57.52284872118209 
6 69 102 0.5570860145311556 -0.7427813527082074 0.3713906763541037 -43.80088789251211 
6 69 78 0.6085806194501846 -0.6694386813952031 0.4260064336151292 -57.41958144512491 
6 69 107 0.4649905549752772 -0.8137334712067348 0.348742916231458 -35.22303453937727 
6 69 73 -0.6246950475544242 0.6246950475544242 -0.4685212856658182 54.28990397652669 
6 69 84 -0.7071067811865475     -0 -0.7071067811865475 97.05040571785364 
6 70 96 -0.7171371656006365 0.3585685828003172 -0.597614304667197 73.3272751826651 
6 70 88 0.8320502943378437 -2.499754926981463e-15 0.554700196225229 -92.04556381112388 
6 70 73 1.946875103268976e-17 0.9863939238321436 0.1643989873053573 -40.99699745927347 
6 70 99 -0.6622661785325215 0.5298129428260185 -0.529812942826017 60.74636522589547 
6 70 74 0.4850712500726662 -0.7276068751089986 0.4850712500726662 -45.38447883492384 
6 71 88 0.5345224838248488 -0.8017837257372732 0.2672612419124244 -30.06688971514775 
6 71 73 -0.3162277660168379 0.9486832980505138      0 -9.486832980505138 
6 73 85 0.8164965809277261 -0.4082482904638631 0.4082482904638631 -67.66715414438531 
6 73 93 0.7071067811865475 -0.7071067811865475     -0 -22.27386360737625 
6 73 84 0.5570860145311556 -0.7427813527082074 0.3713906763541037 -39.06565676899729 
6 73 77 0.3651483716701108 -0.9128709291752768 0.1825741858350554 -8.352769001953789 
6 73 112 0.423999152002544 -0.8479983040050879 0.317999364001908 -25.0821998356505 
6 73 110 0.5848976518656017 -0.6748819059987715 0.4499212706658474 -54.80041076710017 
6 73 124      1      0      0 -63.375 
6 73 122     -0 -0.7071067811865475 -0.7071067811865475 71.59456159513793 
6 73 120 -0.7492686492653551 0.09365858115816907 -0.6556100681071858 85.9083335673309 
6 73 74 0.2156655464068782 -0.9704949588309452 0.1078327732034397 6.712590131913849 
6 73 123     -0      1      0 -32.625 
6 73 83 -0.5848442145942954 0.6823182503600111 -0.4386331609457215 37.74072822303813 
6 73 99 -0.6804138174397718 -0.2721655269759082 -0.6804138174397717 96.34659654947166 
6 73 109 0.6396021490668313 -0.6396021490668312 0.4264014327112208 -51.1681719253465 
6 73 111 0.7276068751089989 -0.4850712500726659 0.4850712500726659 -65.57556961919852 
6 73 97 -0.5773502691896263 0.5773502691896246 -0.5773502691896263 57.37418300071917 
6 73 119 0.4285714285714285 -0.8571428571428571 0.2857142857142857 -21.91071428571428 
6 74 99 -0.6047078979069521 0.6047078979069521 -0.518321055348816 55.78430358191633 
6 74 101 0.5570860145311556 -0.7427813527082074 0.3713906763541037 -45.19360292884 
6 75 92 0.5773502691896258 -0.5773502691896258 0.5773502691896258 -72.96264026883897 
6 75 108 0.4264014327112208 -0.6396021490668313 0.6396021490668314 -66.83842457748388 
6 75 117 0.5144957554275267 -0.6859943405700353 0.5144957554275265 -63.41160185644265 
6 75 98      0      1      0 -19.125 
6 75 101 -0.6804138174397717 0.6804138174397716 -0.2721655269759087 52.45990532460641 
6 75 96 -0.6521113167513778 0.6113543594544167 -0.4483265302665727 58.26207045600592 
6 75 79 -0.5883484054145521 0.7844645405527362 -0.196116135138184 39.27225606142135 
6 76 107 -0.7071067811865475 0.7071067811865475      0 32.35013523928455 
6 76 116 0.5773502691896258 -0.5773502691896258 0.5773502691896258 -70.36456405748565 
6 77 88 0.7071067811865475 -0.7071067811865475     -0 -25.98617420860562 
6 78 115 -0.324442842261525 -0.8111071056538127 -0.4866642633922875 76.16295722089299 
6 78 114      0 -0.9863939238321437 -0.1643989873053573 31.13305822095204 
6 78 98 -0.5962847939999451 -0.2981423969999676 -0.7453559924999308 105.1510966419277 
6 78 102 -0.6311687442672026 0.6311687442672026 -0.4508348173337162 63.80439752315418 
6 78 111 -0.5846434037980073 0.690942204488554 -0.4251952027621871 54.25225040243782 
6 79 101 -0.8164965809277259 0.408248290463863 -0.4082482904638632 75.62799580843063 
6 79 98 0.6882472016116853 -0.6882472016116853 0.2294157338705615 -50.32807661785446 
6 79 106     -0      0      1 -73.125 
6 80 105 0.7071067811865475      0 0.7071067811865475 -98.64139597552338 
6 80 101      0     -1     -0 22.875 
6 81 91     -0      1      0 -24.375 
6 81 98 0.3162277660168379 -0.9486832980505138     -0 -1.423024947075767 
6 81 107      0      0      1 -73.875 
6 82 114 0.7071067811865475 0.7071067811865475      0 -63.10928022089936 
6 82 101 -0.5946353169977331 0.6689647316224497 -0.4459764877482998 61.7956170836238 
6 83 120 0.2909571869813234 -0.9456108576893002 0.1454785934906618 10.39262702248911 
6 83 104 0.6085806194501844 -0.6694386813952035 0.4260064336151289 -37.24513391035124 
6 83 123 0.6045512662318541 -0.6549305384178417 0.4534134496738906 -40.6560726540922 
6 84 109     -0      1      0 -29.625 
6 84 100 0.4472135954999579 -0.8944271909999159     -0 -3.857217261187138 
6 84 88     -0 -0.8944271909999159 -0.4472135954999579 57.18743852455712 
6 85 111 0.5773502691896258 -0.5773502691896258 0.5773502691896258 -60.4052719139646 
6 85 93 -0.7071067811865475     -0 -0.7071067811865475 94.929085374294 
6 85 88 0.196116135138184 -0.9805806756909201     -0 16.32666825025382 
6 85 124 -0.5773502691896258 0.577350269189626 -0.5773502691896256 59.10623380828793 
6 85 100 0.3651483716701108 -0.9128709291752768 0.1825741858350554 -9.722075395716704 
6 85 123 -0.6666666666666666 0.6666666666666666 -0.3333333333333333 44.375 
6 86 89 0.7276068751089989 -0.4850712500726659 0.4850712500726659 -71.39642462007052 
6 86 112      0      0      1 -71.625 
6 87 114      0      1      0 -15.75 
6 88 93 -0.3651483716701108 0.9128709291752768 -0.1825741858350554 9.31128347758783 
6 88 122 -0.4866642633922876 0.8111071056538126 -0.324442842261525 29.80818613277761 
6 88 96 -0.7633700367119727 0.2544566789039941 -0.5937322507759798 80.18566093962006 
6 88 89 0.6246950475544242 -0.6246950475544242 0.4685212856658182 -58.8579865117684 
6 88 98 0.5132649025747363 -0.8065591326174436 0.2932942300427053 -36.90008031724794 
6 88 124 -0.312347523777212 0.9370425713316365 -0.1561737618886059 2.986823196119565 
6 88 100 0.7071067811865475      0 0.7071067811865475 -96.52007563196372 
6 88 111      0 0.9701425001453319 0.242535625036333 -45.56638055370106 
6 88 109      0 0.9486832980505138 0.3162277660168379 -49.80587314765197 
6 88 119      0      0      1 -70.875 
6 89 91 0.7071067811865472 2.540801356057914e-15 0.7071067811865479 -100.2323862331932 
6 89 102      0 0.8944271909999159 0.4472135954999579 -55.51038754143227 
6 89 98 0.3905667329424715 -0.911322376865767 0.1301889109808238 -16.4526236252016 
6 89 100 -0.5570860145311556 0.7427813527082074 -0.3713906763541037 44.63651691430884 
6 90 103 0.4082482904638631 0.8164965809277259 0.4082482904638631 -76.54655446197432 
6 90 110     -0 0.9701425001453319 0.242535625036333 -37.56270492750207 
6 90 125 0.3015113445777636 -0.9045340337332909 0.3015113445777636 -29.96268986741526 
6 90 114 0.4472135954999579 -0.8944271909999159     -0 -17.27362512618587 
6 90 115 -0.4082482904638645 -0.4082482904638616 -0.8164965809277261 98.59196214702301 
6 91 98 0.2747211278973775 -0.9615239476408233 -4.88845258885566e-16 2.11191867071117 
6 91 111 -0.5050762722761035 0.8081220356417707 -0.3030457633656609 33.41079541106397 
6 91 102 -0.4472135954999579 0.8944271909999159      0 7.882139620686754 
6 91 107     -0 -0.7071067811865475 0.7071067811865475 -35.0017856687341 
6 92 98 -0.4082482904638631 0.8164965809277261 -0.4082482904638631 43.78462915224931 
6 92 115 0.5773502691896256 -0.5773502691896262 0.5773502691896255 -74.26167837451558 
6 92 117 0.4850712500726659 -0.7276068751089989 0.4850712500726658 -59.02710774321753 
6 92 108 0.3333333333333333 -0.6666666666666666 0.6666666666666666 -62.375 
6 92 103 0.5570860145311377 0.3713906763541534 0.742781352708196 -103.5483629509773 
6 92 113 2.956491341959327e-17 0.9486832980505138 0.3162277660168379 -41.74206511422261 
6 93 124      0      1      0 -31.875 
6 93 122 -0.7071067811865475     -0 -0.7071067811865475 93.86842520251417 
6 94 116      0      1      0 -22.125 
6 94 113 0.4472135954999579 -0.8944271909999159      0 -12.91329257006129 
6 94 107 -0.5345224838248489 0.801783725737273 -0.2672612419124245 38.88651069825777 
6 94 106 -0.8320502943378437      0 -0.5547001962252291 98.90997873941117 
6 94 110 0.6882472016116853 -0.2294157338705617 0.6882472016116853 -96.78476272664324 
6 96 101 0.6329788714132796 -0.575435337648436 0.5178918038835923 -60.07544925049672 
6 96 99 0.5773502691896261 0.5773502691896253 0.577350269189626 -89.4171229407433 
6 96 122 0.7442084075352502 0.2480694691784194 0.6201736729460422 -94.46795473150591 
6 97 99 -0.6246950475544241 -0.4685212856658186 -0.6246950475544241 95.05125582945286 
6 97 122 0.4472135954999579 -0.8944271909999159     -0 0.8385254915624216 
6 97 123 0.7071067811865475      0 0.7071067811865475 -93.33809511662426 
6 97 124 0.8164965809277261 -0.4082482904638631 0.4082482904638631 -66.44240927299373 
6 97 104 -0.4082482904638631 0.8164965809277261 -0.4082482904638631 25.71964229922338 
6 97 120 -0.7592566023652966 -1.309358358091588e-15 -0.6507913734559684 88.71099909421675 
6 98 114 0.5773502691896244 -0.5773502691896291 0.5773502691896238 -74.47818472546142 
6 98 113 0.4082482904638631 0.4082482904638631 0.8164965809277261 -97.67340349347924 
6 98 115 0.4850712500726692 -0.7276068751089946 0.4850712500726692 -57.20809055544562 
6 98 101 -0.7453559924999283 0.5962847939999462 -0.2981423969999714 60.31793369305664 
6 99 120 -0.6396021490668319 0.6396021490668303 -0.4264014327112217 44.6122498974116 
6 99 104 0.4574957109978138 0.7624928516630234 0.4574957109978138 -83.20703243772741 
6 99 122 0.7715167498104596 0.1543033499620919 0.6172133998483675 -93.62355758949926 
6 100 124 -0.4285714285714287 0.8571428571428571 -0.2857142857142858 22.23214285714287 
6 100 109 -0.3162277660168379 0.9486832980505138      0 -6.640783086353597 
6 100 111 -0.242535625036333 0.9701425001453319      0 -12.46026773624161 
6 100 119     -1      0      0 65.625 
6 101 108 0.595879571531124 -0.6810052246069989 0.4256282653793744 -59.50283150003654 
6 101 106 0.6666666666666666 -0.3333333333333333 0.6666666666666666 -86.125 
6 101 105 0.5773502691896258 0.5773502691896258 0.5773502691896258 -93.74724995966551 
6 102 111 -0.5121475197315839 0.7682212795973759 -0.3841106397986879 40.09154802898806 
6 102 110 0.5720775535473553 -0.6674238124719146 0.4767312946227961 -60.49720128763282 
6 102 112 -0.8320502943378437     -0 -0.5547001962252291 96.20581528281318 
6 102 107 0.3015113445777636 -0.9045340337332909 0.3015113445777636 -20.23894900478237 
6 103 114      0 -0.9701425001453319 -0.242535625036333 36.10749117728407 
6 103 115 -0.4264014327112208 -0.6396021490668312 -0.6396021490668312 91.46310731655686 
6 104 120 -0.7442084075352506 -0.2480694691784174 -0.6201736729460422 93.63072027302874 
6 104 121 -0.5842062378369859 0.7010474854043832 -0.4089443664858902 33.23403235495153 
6 104 122 0.4364357804719848 -0.8728715609439696 0.2182178902359923 -13.33856854067503 
6 104 124 0.6396021490668315 -0.6396021490668311 0.4264014327112209 -48.13006171727909 
6 105 112 -0.4364357804719848 0.8728715609439696 -0.2182178902359924 23.32203701897169 
6 106 107 0.3015113445777636 0.9045340337332909 0.3015113445777636 -63.65658262398035 
6 107 116 0.6666666666666662 -0.6666666666666674 0.3333333333333329 -55.87499999999991 
6 107 110 0.6622661785325219 -0.5298129428260175 0.5298129428260175 -75.15065460897793 
6 107 112 -0.6859943405700353 0.5144957554275266 -0.5144957554275266 71.00041424899865 
6 108 115     -0 0.7071067811865475 -0.7071067811865475 41.36574669941303 
6 109 111      0      1      0 -30.375 
6 110 113 -0.534522483824848 -0.267261241912421 -0.801783725737275 105.0336680715828 
6 110 111 -0.547996624351191 0.7123956116565483 -0.4383972994809528 51.92953011507973 
6 110 123 -0.5673665146135801 0.6982972487551757 -0.4364357804719848 51.7340063276979 
6 110 116 -0.6396021490668309 0.4264014327112221 -0.6396021490668309 85.22698636315518 
6 111 123 -0.6396021490668313 0.6396021490668312 -0.4264014327112208 50.68847031354638 
6 112 120 -0.6656402354702791 0.4992301766026955 -0.5547001962252338 64.0054688919395 
6 114 115 -0.6666666666666671 0.3333333333333317 -0.6666666666666671 93.37500000000009 
6 114 117 -0.5773502691896245 -0.5773502691896282 -0.5773502691896245 95.47930076723422 
6 114 125     -0 -0.7071067811865475 0.7071067811865475 -42.95673695708276 
6 115 117 0.4082482904638631 -0.8164965809277261 0.4082482904638631 -46.84649133072828 
6 120 123 0.7525766947068778      0 0.6585046078685182 -89.35672348558695 
6 122 124 0.5773502691896262 0.5773502691896252 0.577350269189626 -95.04628806534217 
6 123 124 0.7071067811865475 -0.7071067811865475     -0 -21.74353352148633 
60
6 1 61 1.017252604299929e-05 6.061239007169298e-16 0.9999999999482598 -0.3760147094145815 
6 1 118 -0.544942346352994 0.4768246288481043 0.6896927667267221 10.31664566231484 
6 1 96 -0.498069025035055 0.362232085203957 0.7878547853186036 8.272466056837388 
6 1 117 -0.3294857254588862 0.1922000608276915 0.9243907687426692 -8.106733281206008 
6 53 82 0.5570860145311556 -0.7427813527082074 0.3713906763541037 -55.2211511904008 
6 53 125 0.6246950475544244 -0.624695047554424 0.4685212856658184 -69.86823672491516 
6 53 96 -0.6275716324421889 0.5883484054145522 -0.5099019513592783 61.89425224961076 
6 53 106 -0.5570860145311556 0.7427813527082073 -0.3713906763541037 51.18227758504991 
6 59 121 -0.6045512662318541 0.6549305384178418 -0.4534134496738906 40.16487475027884 
6 59 110 0.5503338836674921 -0.7196673863344127 0.4233337566673016 -48.76804876807314 
6 59 78 0.5788287614163061 -0.7028634960055146 0.4134491152973616 -50.652684737868 
6 59 61 0.4315882588020253 -0.3963565642059416 -0.8103289757099257 0.1321188547353458 
6 61 72 -0.5230810456709724 0.4977706724933446 0.6918168668551566 7.2102925589767 
6 61 125 -0.3185769934343193 0.191146196060587 0.9284243808657318 -10.11709509149275 
6 61 78 -0.3141446490860922 0.2513157192688738 0.9155072630508972 -11.13081808422543 
6 61 121 -0.5160234827230501 0.4906452786547033 0.7021303125575926 6.617366710821411 
6 61 87 -0.3218467344564764 0.183912419689418 0.9287577194315456 -9.372636688421828 
6 61 103 -0.3155202485177542 0.2343864703274739 0.9195161528231697 -10.81445651794603 
6 63 112 0.5773502691896257 0.5773502691896258 0.5773502691896257 -94.18026266155771 
6 63 106 0.565685424949238 -0.7071067811865475 0.4242640687119285 -51.76021638285528 
6 63 83 -0.5070925528371107 0.7775419143502343 -0.3718678720805482 28.66340654911801 
6 63 120 -0.6329788714132796 0.5754353376484359 -0.5178918038835923 57.01125607751877 
6 63 74 -0.7071067811865475      0 -0.7071067811865475 95.98974554607382 
6 66 95 -0.4082482904638612 -0.8164965809277278 -0.4082482904638613 81.75172016538845 
6 66 83 0.5773502691896258 -0.5773502691896257 0.5773502691896258 -42.21873843449139 
6 66 118 -0.5773502691896258 -0.5773502691896258 -0.5773502691896258 90.49965469547385 
6 66 121 0.7071067811865475 5.255398352962463e-17 0.7071067811865475 -82.20116331293615 
6 66 72      0      1     -0 -43.875 
6 72 118 -0.4850712500726659 -0.7276068751089988 -0.4850712500726659 86.6761689973595 
6 74 106 0.6154574548966638 -0.615457454896663 0.4923659639173313 -61.76115559888029 
6 74 96 -0.6553855364152323 0.4915391523114244 -0.5734623443633282 65.58975563655567 
6 74 120 -0.6154574548966638 0.6154574548966633 -0.4923659639173311 52.62161239366478 
6 78 103     -0     -1     -0  20.25 
6 78 110     -1      0      0 73.125 
6 82 87 0.7071067811865475 -0.7071067811865475      0 -40.83541661352312 
6 82 117     -0     -0     -1 76.125 
6 82 125 0.7071067811865475     -0 0.7071067811865475 -106.0660171779821 
6 82 96 -0.6174170401587185 0.6174170401587186 -0.4874345053884619 60.94149903619251 
6 82 108 -0.5773502691896258 0.5773502691896258 -0.5773502691896258 76.42674188397672 
6 83 95 -0.666666666666667 -0.3333333333333329 -0.6666666666666667 91.12500000000001 
6 83 121      0      1     -0 -43.125 
6 83 110 0.5848853386196639 -0.6784669927988096 0.4445128573509445 -46.61243706129403 
6 83 112 0.53813823519705 -0.7399400733959438 0.4036036763977875 -34.0036097365136 
6 87 117 -0.5773502691896257 0.5773502691896257 -0.5773502691896258 77.29276728776115 
6 87 125      0 0.7071067811865475 0.7071067811865475 -65.23060056445901 
6 95 118 -0.7071067811865475 -2.512876199421032e-15 -0.7071067811865476 80.07984296937661 
6 95 120 0.4285714285714287 -0.857142857142857 0.2857142857142858 -9.321428571428594 
6 96 106 0.6412427107670873 -0.5425899860336887 0.5425899860336894 -64.24142118732962 
6 96 118 -0.466002335770651 0.828448596925595 -0.3106682238470977 15.43632737240288 
6 96 117 0.6270934438852273 -0.627093443885227 0.4620688533891145 -59.38409889002604 
6 96 120 -0.4364357804719847 0.8728715609439696 -0.2182178902359923 11.86559778158208 
6 96 108 0.6195855517393628 -0.6195855517393628 0.4818998735750599 -59.99653426009497 
6 103 125     -0     -1     -0 17.625 
6 103 110 -0.4472135954999579 0.8944271909999159     -0 14.59034355318613 
6 106 110 0.762000762001143 -0.1270001270001905 0.6350006350009525 -98.86959886964831 
6 106 112 -0.4285714285714287 0.857142857142857 -0.2857142857142859 28.98214285714288 
6 108 117 0.7071067811865475 -0.7071067811865475      0 -39.7747564417433 
6 110 125 0.1414213562373095 -0.9899494936611665      0 7.84888527117068 
6 110 112 -0.6726915834767426 0.5232045649263545 -0.5232045649263554 73.35141141494316 
6 118 120 0.4740998230350174 -0.8127425537743157 0.3386427307392982 -16.50883312354078 
3
471
77.95075126458386 66.90768465468634 0.3752217533866447 
110.1011761158022 24.35373944511459 43.25256332931242 
-243.3968419274832 -376.8933512573355 0.3784906701476842 
105.9402573529412  15.75 43.68474264705882 
200.6357142857143  15.75   76.5 
87.45297029702971 41.45049504950495 25.7970297029703 
10.42066314823314 -64.94005277650298 26.24259981642956 
-188.6918856262299 -283.1107762285577 0.3779341825550944 
11.78571428571429 -44.46428571428571 52.17857142857143 
6.354875584428655 -14.91721370964787 0.3759500642965463 
51.08584337349397 15.64156626506024 14.76957831325301 
178.575  20.25 67.875 
207.225 17.625 78.375 
89.47928335322743 42.60810531631623 26.55661784960058 
89.03848641655887 42.42884864165589 26.35381630012937 
89.20226226993864 42.50268404907975 26.4254217791411 
  88.5 42.375     27 
88.1875 43.875 24.6875 
 88.25   43.5     25 
110.0722255729795 24.61746079613993 43.17023522316043 
73.125  20.25  75.75 
94.25116822429906 39.55023364485982 30.82359813084112 
108.0854779411765 22.125 43.03952205882352 
105.2867647058823 16.875 43.21323529411765 
  94.5 22.125 56.625 
82.3125  20.25 67.875 
67.875 17.625 84.375 
 65.25  17.25 85.875 
73.125  17.25     78 
73.875 17.625 78.375 
76.575 18.975 72.97499999999999 
  73.5  15.75 76.125 
  73.5  15.75   76.5 
73.125 16.125 76.875 
73.125 16.125 76.125 
72.375 16.125 76.125 
90.01879474940334 43.125 26.59815035799523 
90.109375 43.875 26.140625 
89.80729166666667 43.125 26.44270833333333 
-1129.125 43.125 1656.375 
88.60535952063915 37.82107190412783 28.44856857523303 
89.21978435305918 38.48207121364092 28.51843029087262 
89.79291044776119 34.18097014925373 30.90111940298507 
90.15213178294573 37.21802325581395 29.69282945736434 
106.6985797887525 32.68173708250071 39.65226234656009 
67.125 34.125 63.375 
126.473275862069 64.54913793103449 35.95086206896551 
99.46054376657824 44.90351458885942 31.03945623342175 
309.8995098039215 253.3308823529412 41.30637254901961 
102.5439189189189 54.35472972972973 27.95608108108108 
29.625 43.125 111.375 
57.625 43.125 72.875 
21.125 34.625 111.375 
30.77205882352941 35.8014705882353 99.72794117647059 
 103.5 19.125     42 
107.1397058823529 21.375 42.86029411764706 
94.75367647058823  9.375 40.99632352941176 
100.4117647058823 13.875 42.08823529411764 
70.125 13.875 72.375 
65.625  9.375 70.125 
78.375  20.25   70.5 
87.375 21.375 62.625 
73.125  17.25  75.75 
73.375 17.375 75.375 
73.125 16.875 75.375 
104.2348265895954 35.90245664739884 37.51517341040462 
103.2275  31.69 38.5225 
79.125 29.625 62.625 
50.82954545454545 32.42045454545455 77.01136363636364 
28.125  33.75  103.5 
34.875  33.75 95.625 
62.96590909090909 32.42045454545455 64.875 
65.625  33.75 64.875 
65.625  33.75  65.25 
64.875  33.75  66.75 
94.82751798561151 27.75809352517986 36.19910071942446 
96.01785714285714 34.50255102040816 34.10459183673469 
11.8235294117647 -44.38235294117648 52.23529411764706 
-119.8125 -92.25 159.9375 
70.875 16.875 75.375 
70.125 16.125 74.625 
73.125 40.875 96.375 
73.125   51.5 111.25 
103.875 43.125 53.625 
72.375 27.375 69.375 
72.375 27.375 67.125 
25.875 33.375 106.125 
11.4375 33.375 122.625 
64.125 33.375 67.875 
-1021.875 33.375 1500.375 
-339.375 33.375 613.125 
76.875 27.375 59.625 
101.2218208092486 34.21170520231214 36.77817919075144 
99.92124277456648 33.13656069364162 36.57875722543352 
101.9797678795483 37.05912797992472 36.02023212045169 
100.7790150564617 36.35900250941029 35.72098494353827 
73.875 27.375 64.125 
77.625 31.875 55.125 
73.875 31.125 58.875 
49.875 33.375 94.125 
79.125 34.875 67.875 
110.625 45.375 46.875 
111.075 45.825 47.325 
106.125 45.375 53.625 
81.375 37.125 70.125 
225.0090361445783 142.7530120481928 50.17996987951807 
204.9851694915254 124.6411016949152 48.28093220338983 
73.125 92.125 176.75 
73.125 61.125 126.375 
49.875 76.625 180.625 
 84.75   52.5 96.375 
81.375 52.875 101.625 
118.0122832369942 47.22182080924856 39.48771676300578 
118.7709537572254 47.74898843930636 39.62904624277456 
73.375 19.125 57.125 
61.51293103448276 1.331896551724135 42.29741379310344 
86.0312874251497 19.125 34.97649700598802 
72.92136424282856 6.628669112741825 32.92620080053369 
77.325 22.875 56.775 
-2683.5 -353.625   2997 
 77.75   20.5   70.5 
72.375 19.125 59.625 
75.97499999999999 22.125 57.825 
73.575 19.725 57.825 
69.375 16.875 76.875 
67.125 16.875 81.375 
64.875 16.125 83.625 
  67.5  17.25 81.375 
-23.625 -28.125 127.875 
61.875 16.125 88.125 
  64.5  17.25 85.875 
62.625 16.875 88.125 
-793.125 -284.625 769.125 
81.825 24.375 51.525 
79.27500000000001 23.625 54.675 
77.625 24.375 64.125 
85.875 34.125 67.125 
85.875 26.73214285714286 59.73214285714286 
70.125 30.375 66.375 
70.125 30.375 67.875 
72.375 31.125 61.875 
76.125 31.875 58.125 
87.375 34.125 49.125 
76.125 31.875 60.375 
64.125 33.375 71.625 
61.875 33.375 76.125 
82.125 33.375 55.875 
93.375 35.625 44.625 
132.1836206896552 67.40431034482759 37.59568965517241 
137.1646551724138 71.0198275862069 38.4801724137931 
105.4065789473684 39.63552631578948 36.60394736842105 
109.7407894736842 42.58026315789473 37.46447368421053 
93.76437125748502     27 35.9748502994012 
92.00928143712575   25.5 35.67125748502994 
 92.25     27 38.625 
 86.55   25.5 45.22499999999999 
  76.5     27 59.625 
-219.09375 2.0625 380.15625 
77.625 20.125 71.125 
76.125 19.125 73.125 
    69  18.75 79.875 
69.375 19.125 79.125 
77.625 20.19642857142857 71.08928571428571 
 77.25  20.25  71.25 
70.875 19.125 78.375 
73.01785714285714 20.19642857142857 75.69642857142857 
 72.75  20.25  75.75 
71.625 22.125 64.125 
74.625 22.125 59.625 
73.125 20.625 59.625 
74.625 22.875 60.375 
73.875 23.625 61.875 
 56.25   22.5 84.375 
55.125 19.125 93.375 
-901.875 -306.375 877.875 
-84.375 -4.125 256.125 
53.625 22.125 87.375 
67.125 22.125 73.125 
55.875 22.125 84.375 
69.375 30.375 64.875 
69.375 30.375 66.375 
  70.5  30.75 64.875 
  70.5  30.75 64.125 
87.11829896907216 25.28427835051546 33.32860824742269 
87.37297843665769   25.5 33.37803234501348 
88.56372549019608 27.78063725490196 33.09191176470588 
88.40801886792453     27 33.3254716981132 
74.625 26.625 61.875 
71.625 26.625 66.375 
66.375 26.625 71.625 
64.125     27  77.25 
64.125   28.5  78.75 
66.375   28.5  74.25 
66.375   28.5 71.625 
66.375 27.375 73.125 
    66     27   73.5 
    66     27     72 
66.375 27.375 71.625 
 71.25     21   76.5 
73.125 17.625 75.375 
73.875 18.375 74.625 
71.625 17.625 75.375 
68.625 17.625 79.875 
69.375 18.375 79.125 
70.125 17.625 76.875 
75.375 19.875 72.375 
74.625 19.875 72.375 
59.625 22.875 79.875 
61.875 22.875 75.375 
67.875 22.875 71.625 
70.125 22.875 67.125 
57.375 22.875 83.625 
67.875 22.875 73.125 
62.025 14.925 74.625 
50.775  3.225 73.875 
50.925 3.824999999999999 74.625 
65.625 13.125 73.875 
67.125 14.625 74.625 
69.375 19.125 68.625 
72.375 22.125 68.625 
 72.75   22.5     69 
13.875 22.875 118.125 
24.375 13.125 111.375 
-547.125 -177.375 587.625 
48.51136363636364 8.761363636363637 66.44318181818181 
59.01136363636364 19.26136363636364 63.44318181818182 
60.375 20.625 72.375 
60.375 22.125 75.375 
63.375 23.625 72.375 
64.875 25.875 70.875 
 65.25   25.5   70.5 
75.375 23.625 66.375 
  73.5 22.875  68.25 
68.625 22.875 73.125 
68.625 23.625 73.125 
78.375 30.375 46.125 
67.125   28.5  59.25 
87.125   28.5  35.25 
58.875 30.375   70.5 
89.65818584070797 30.375 32.58517699115044 
90.02122641509433 30.375 32.78066037735849 
89.27125228519196 29.30484460694698 32.83546617915905 
71.625 30.375 60.375 
-342.75     27 607.875 
-149.625  9.375 303.375 
34.875 25.875 100.875 
-1018.375 32.625 1494.625 
 -1062 6.449999999999999 1512.075 
-340.875 32.625 613.875 
-320.25   28.5 580.875 
-12.375 20.625 148.125 
  5.75 32.625 129.125 
-188.38125 6.449999999999999 347.25 
14.19642857142858 23.19642857142857 118.125 
55.125 30.375 82.875 
50.625 32.625 91.875 
40.66071428571429 30.16071428571428 88.875 
25.875 32.625 106.125 
57.80357142857143 30.16071428571428 71.73214285714286 
51.825   28.5 78.375 
58.875 30.375 70.875 
59.625 30.375 76.125 
61.125 30.375 73.125 
62.625 31.125 70.125 
61.125 32.625 76.125 
61.125  30.75  74.25 
61.875  30.75  72.75 
63.375 31.875 69.375 
62.625 31.125 71.625 
63.375 32.625 71.625 
63.375 31.875 70.875 
63.375 32.625 68.625 
61.125 30.375 70.875 
71.625 21.375  75.75 
70.375 22.125 77.625 
70.875 21.375 76.875 
70.875 20.625 76.875 
70.625 19.875 77.375 
70.875 19.98214285714286 77.08928571428571 
58.375 19.875 89.625 
60.375 20.625 87.375 
70.875 19.875 76.875 
69.375 25.875 72.375 
67.875 25.125 73.125 
64.125 25.125 76.875 
60.375 23.625 80.625 
67.875 23.625 73.125 
70.125 26.625 70.875 
64.875 26.625 76.125 
68.625 25.875 72.375 
70.125 26.625 69.375 
68.625 25.875 70.875 
64.875 25.875 76.125 
66.375 26.625 73.125 
66.375 25.875 73.125 
73.125 19.125 73.875 
72.375 18.375 74.625 
70.875 18.375 76.125 
70.875 19.125 76.125 
70.875 18.375 74.625 
66.375 17.625 71.625 
64.875 17.625 73.125 
64.875 16.625 72.125 
62.775 15.225 73.875 
62.375 15.125 74.375 
62.625 15.375 74.625 
 72.75   22.5 69.375 
  73.5 22.875 68.625 
70.875 20.625 73.125 
75.375 23.625 67.125 
72.375 20.625 73.125 
71.625 21.375 74.625 
82.33928571428571 25.55357142857143 63.26785714285715 
75.91071428571429 23.94642857142857 70.23214285714286 
76.3125 21.9375   70.5 
 72.75 21.9375 74.0625 
72.875 22.125 73.875 
77.625 24.375 65.625 
70.875 20.625 74.625 
71.625 19.125 73.875 
71.625 19.875 73.875 
70.875 19.875 74.625 
70.875 19.125 74.625 
68.625 23.625 73.875 
69.375 24.375 73.875 
63.875 22.125 84.125 
52.875 22.875 90.375 
-46.125 14.4375 213.9375 
46.125 22.125 98.625 
62.625 21.375 84.375 
60.875 21.125 86.875 
61.875 21.375 85.875 
69.075 28.725 84.22499999999999 
69.375 28.625 83.625 
69.075 26.025 81.52500000000001 
69.375 26.125 81.125 
57.375 25.875 87.375 
-46.125     27  226.5 
50.625     27   97.5 
35.875 32.875 129.875 
-34.125   28.5    213 
44.625   28.5    108 
67.875 24.375 73.875 
69.375 25.875 75.375 
61.875 24.375 79.875 
67.125   28.5  65.25 
    54   28.5 78.375 
64.875 24.375 71.625 
72.375 24.375 64.125 
 65.25     27     69 
67.125     27  65.25 
64.875 26.625 69.375 
64.875 25.875 68.625 
42.375 26.625 91.875 
67.125   25.5  63.75 
 65.25   25.5   67.5 
63.375 23.625 65.625 
37.125 25.875 96.375 
37.125 25.875 94.125 
30.5625 24.9375 101.0625 
37.125  24.75     93 
33.375 24.375 97.125 
39.375 23.625 89.625 
68.625 21.375 73.125 
70.125 21.375 71.625 
71.625 22.125 70.875 
68.625 22.125 73.125 
71.625 22.125 70.125 
68.625 22.875 76.125 
69.375 23.625 76.125 
72.375 22.875 72.375 
74.625 23.625 70.875 
68.625 22.875 74.625 
69.375 23.625 73.875 
72.375 22.875 70.875 
74.625 23.625 68.625 
58.875 29.625 73.875 
55.875 28.875 76.875 
68.625 29.625 64.125 
67.125 28.875 65.625 
58.875 29.625 75.375 
55.875 28.875 78.375 
67.125 29.625 67.125 
65.625 28.875 68.625 
65.625 25.875 71.625 
65.625 25.875 70.875 
65.625   25.5   70.5 
65.625 25.125 70.875 
72.375 25.125 64.125 
  73.5   25.5 62.625 
73.125 25.875 63.375 
66.375 25.875 71.625 
70.125 25.875 67.875 
63.375 23.625 74.625 
69.375 23.625 68.625 
67.875 23.625 71.625 
61.875 23.625 77.625 
    66   28.5 71.625 
65.625 28.125 71.625 
65.625 28.125 70.875 
 48.75   28.5 88.875 
47.625 28.125 89.625 
64.875 28.125 70.875 
50.625 28.125 85.125 
 65.25  26.25  71.25 
64.875  26.25  71.25 
64.875 26.625 70.875 
65.625 26.625 71.625 
 65.25  26.25 71.625 
65.625 26.625 70.875 
    36  26.25 100.875 
  37.5  26.25 98.625 
40.875 26.625 94.875 
65.625     27   70.5 
 65.25     27   70.5 
65.625     27     72 
 39.75     27 97.875 
43.125 27.375 94.125 
46.125 27.375 89.625 
64.875 27.375 70.875 
65.625 27.375 70.875 
65.625 27.375 71.625 
66.375 28.125 66.375 
66.375 27.375 66.375 
52.125 28.125 80.625 
47.625 27.375 85.125 
64.875 28.125 69.375 
64.875 27.375 69.375 
52.125 28.125 82.125 
47.625 27.375 86.625 
69.375 20.625 73.875 
67.875 20.625 75.375 
64.125 19.125 79.875 
64.125 16.875 75.375 
64.875 16.875 74.625 
64.875 19.875 79.875 
70.125 20.625 74.625 
70.125 19.875 73.875 
70.125 20.625 73.875 
69.375 19.125 73.875 
66.375 17.625 73.875 
66.375 20.625 78.375 
69.375 19.125 74.625 
70.125 19.875 74.625 
68.625 22.125 74.625 
68.625 21.375 74.625 
67.125 22.125 77.625 
67.125 21.375 77.625 
70.125 21.375 73.125 
70.875 22.125 72.375 
70.875 22.125 73.875 
70.125 21.375 74.625 
64.125 24.375 74.625 
65.625 25.125 72.375 
64.875 24.375 73.125 
65.625 25.125 73.875 
64.125 24.375 75.375 
69.375 24.375 68.625 
69.375 25.125 68.625 
67.875 24.375 71.625 
67.875 25.125 71.625 
67.875 29.625 69.375 
66.375 28.875 70.875 
54.375 29.625 82.875 
51.375 28.875 85.875 
67.875 29.625 68.625 
66.375 28.875 70.125 
57.375 29.625 78.375 
54.375 28.875 81.375 
67.125 29.625 68.625 
65.625 28.875 70.125 
676
5 0 102 137 334 344
7 0 91 138 318 325 344 137
8 0 45 138 313 314 336 334 137
8 0 107 374 325 344 334 336 370
7 0 43 318 376 372 314 313
5 0 98 313 138 318
6 0 76 374 376 372 370
6 0 81 318 325 374 376
6 0 116 314 336 370 372
7 1 61 1 10 8 3 0
5 1 118 1 10 0
5 1 96 0 10 8
5 1 117 0 3 8
7 2 10 445 450 366 368 367
6 2 106 364 367 445 446
6 2 79 367 368 365 364
6 2 14 449 365 364 446
6 2 31 449 365 368 366
6 2 11 445 450 449 446
5 2 43 450 449 366
7 3 4 437 442 432 431 439
7 3 14 441 431 432 434 435
7 3 31 439 438 440 441 431
6 3 5 438 440 443 444
6 3 33 442 437 444 436
6 3 16 439 438 444 437
6 3 13 444 443 433 436
7 3 106 436 433 434 432 442
6 3 60 440 441 435 443
6 3 53 443 433 434 435
6 4 43 452 437 439 449
6 4 56 437 442 448 452
6 4 14 449 431 432 446
6 4 106 442 448 446 432
6 4 11 446 449 452 448
5 4 31 449 439 431
6 5 16 322 321 438 444
6 5 98 320 440 438 321
6 5 60 323 443 440 320
6 5 15 323 320 321 322
6 5 13 323 443 444 322
7 6 115 65 80 202 200 64
6 6 35 63 65 126 128
5 6 114 65 64 63
6 6 108 65 80 125 126
7 6 90 64 63 128 203 200
7 6 53 125 126 128 203 205
6 6 7 80 125 205 202
6 6 34 200 202 205 203
6 7 115 81 80 202 297
6 7 108 81 80 125 218
6 7 92 218 81 297 300
7 7 53 125 218 300 298 205
5 7 17 300 297 298
6 7 34 202 297 298 205
7 8 65 460 458 455 453 457
6 8 112 456 454 453 457
5 8 63 455 454 453
6 8 64 459 458 455 454
6 8 62 456 454 459 461
6 8 50 456 461 460 457
6 8 89 461 460 458 459
6 9 25 286 287 343 345
6 9 112 397 286 345 457
6 9 105 397 396 287 286
6 9 50 343 345 457 460
6 9 65 460 457 397 396
6 9 46 287 396 460 343
7 10 30 233 234 373 375 308
7 10 37 233 221 368 367 234
6 10 98 233 221 307 308
7 10 43 307 308 375 450 366
6 10 28 373 445 450 375
6 10 31 366 307 221 368
6 10 32 367 234 373 445
6 11 106 445 447 448 446
6 11 28 445 447 451 450
6 11 94 447 451 452 448
6 11 43 452 451 450 449
6 12 86 189 190 392 393
6 12 44 291 294 190 189
6 12 89 189 291 292 393
6 12 48 291 294 295 292
6 12 62 392 295 292 393
6 12 112 295 294 190 392
6 13 15 323 299 282 322
8 13 53 162 174 433 443 323 299
6 13 29 282 299 162 278
6 13 110 278 162 174 280
8 13 33 278 280 436 444 322 282
6 13 106 280 174 433 436
7 14 31 449 365 301 441 431
7 14 79 301 303 302 364 365
6 14 75 301 303 304 441
9 14 106 364 302 305 306 434 432 446
6 14 101 302 303 304 305
7 14 60 305 304 441 435 306
5 14 53 306 434 435
6 15 17 320 323 299 296
7 15 113 322 321 207 206 282
6 15 92 207 320 296 206
5 15 98 207 320 321
6 15 29 282 206 296 299
6 16 33 322 444 437 319
6 16 113 322 321 311 319
7 16 43 309 311 319 437 439
5 16 31 439 309 438
6 16 98 321 311 309 438
5 17 60 300 323 320
6 17 53 300 323 299 298
6 17 92 297 296 320 300
6 17 29 297 298 299 296
6 18 68 423 427 429 425
7 18 73 382 429 425 347 378
6 18 77 382 429 427 384
6 18 51 378 380 384 382
6 18 67 347 346 380 378
7 18 88 384 427 423 346 380
6 18 70 347 346 423 425
8 19 73 381 263 267 266 262 468
6 19 85 183 267 266 182
6 19 40 183 180 263 267
6 19 111 182 181 262 266
8 19 88 183 180 383 470 181 182
6 19 71 180 263 381 383
6 19 109 181 470 468 262
6 19 23 468 470 383 381
6 20 58 293 285 284 290
6 20 50 456 285 284 461
6 20 112 295 456 285 293
6 20 48 290 293 295 292
6 20 62 456 295 292 461
6 20 89 290 284 461 292
10 21 88 415 350 351 187 153 155 157 414
6 21 98 156 155 153 154
6 21 61 187 153 154 185
10 21 38 231 387 390 156 154 185 355 356
6 21 39 391 390 387 386
7 21 86 188 410 405 386 391
8 21 89 157 188 391 390 156 155
6 21 26 157 188 410 414
6 21 74 231 356 353 230
8 21 63 387 231 230 406 405 386
8 21 24 350 351 355 356 353 352
6 21 70 185 187 351 355
7 21 49 230 406 407 352 353
6 21 52 352 407 415 350
8 21 41 405 406 407 415 414 410
5 22 79 170 168 169
8 22 101 228 209 211 168 170 227
6 22 37 171 211 168 169
10 22 38 348 229 227 170 169 171 172 349
6 22 80 395 211 209 394
6 22 42 172 171 211 395
6 22 65 455 394 395 458
6 22 46 172 395 458 349
5 22 74 229 227 228
8 22 63 348 229 228 209 394 455
6 22 64 348 349 458 455
6 23 84 468 470 471 469
6 23 73 469 382 381 468
6 23 51 381 383 384 382
6 23 88 384 471 470 383
6 23 77 382 469 471 384
7 24 52 430 354 352 350 428
6 24 88 351 350 428 424
10 24 70 351 424 426 359 361 363 357 355
6 24 68 424 428 430 426
8 24 73 430 354 358 360 359 426
9 24 74 353 356 357 363 362 360 358
5 24 96 361 362 363
6 24 49 358 353 352 354
6 24 99 359 361 362 360
5 24 38 357 355 356
6 25 112 286 212 327 345
6 25 105 213 212 286 287
7 25 107 373 324 343 345 327
5 25 46 235 287 343
6 25 42 234 213 287 235
6 25 30 373 234 235 324
5 25 81 235 343 324
7 25 32 234 213 212 327 373
7 26 100 97 198 422 421 92
6 26 88 157 92 421 414
7 26 89 157 92 97 189 188
7 26 86 188 189 190 408 410
6 26 112 197 190 408 416
7 26 44 97 189 190 197 198
6 26 57 197 198 422 416
8 26 41 408 416 422 421 414 410
7 27 111 101 102 103 104 105
10 27 102 84 104 105 192 191 289 288 85
6 27 69 101 193 192 105
5 27 45 84 103 104
7 27 57 191 192 193 195 196
6 27 112 289 191 196 294
7 27 44 86 195 196 294 291
7 27 89 68 86 291 288 85
8 27 55 68 102 101 193 195 86
7 27 91 68 102 103 84 85
6 27 48 288 291 294 289
6 28 76 373 375 371 369
5 28 107 373 447 369
6 28 116 451 447 369 371
5 28 32 445 447 373
6 28 43 375 450 451 371
6 29 34 201 297 298 204
8 29 92 163 159 297 296 206 164
6 29 115 297 159 160 201
7 29 53 162 161 204 298 299
7 29 90 165 161 204 201 160
7 29 113 279 167 164 206 282
6 29 45 167 166 163 164
9 29 110 167 166 165 161 162 278 279
7 29 103 159 160 165 166 163
5 29 33 278 279 282
8 30 81 235 232 310 376 374 324
6 30 42 234 233 232 235
6 30 98 233 232 310 308
6 30 76 373 375 376 374
5 30 107 373 324 374
6 30 43 308 310 376 375
7 31 79 220 219 301 365 368
6 31 75 440 219 301 441
9 31 98 221 220 219 440 438 309 307
7 31 43 307 309 439 449 366
5 31 37 368 220 221
9 32 106 178 179 177 329 447 445 367
6 32 37 213 234 367 178
7 32 112 177 173 212 327 329
7 32 105 213 178 179 173 212
5 32 63 173 179 177
6 32 107 373 447 329 327
7 33 56 319 437 442 281 277
7 33 113 322 282 279 277 319
7 33 110 279 277 281 280 278
6 33 106 281 280 436 442
6 34 90 200 201 204 203
6 34 115 297 201 200 202
6 34 53 205 203 204 298
7 35 90 28 29 63 128 131
7 35 114 65 35 34 29 63
6 35 108 36 65 126 127
5 35 117 65 36 35
7 35 82 34 130 127 36 35
5 35 110 28 132 131
7 35 125 29 34 130 132 28
8 35 53 126 127 130 132 131 128
6 36 119 420 419 404 403
6 36 52 430 419 420 428
6 36 88 420 428 427 403
6 36 77 429 404 403 427
6 36 68 427 429 430 428
6 36 73 430 419 404 429
6 37 38 119 123 169 171
9 37 42 234 213 210 211 171 119 233
7 37 98 233 119 123 220 221
5 37 105 213 210 178
9 37 79 367 178 168 169 123 220 368
6 37 101 210 211 168 178
8 38 101 124 115 116 225 227 170
6 38 75 118 117 115 116
11 38 98 156 134 135 119 123 124 115 117 154
7 38 96 226 184 118 116 225
7 38 61 117 154 185 184 118
6 38 64 389 349 348 388
7 38 63 348 229 231 387 388
9 38 74 231 229 227 225 226 357 356
7 38 70 184 185 355 357 226
6 38 46 134 135 172 349
6 38 42 172 135 119 171
7 38 89 156 134 349 389 390
6 38 79 170 124 123 169
6 38 39 387 388 389 390
7 39 86 386 385 392 393 391
5 39 112 392 454 385
7 39 63 387 388 454 385 386
7 39 89 390 389 459 393 391
6 39 62 459 393 392 454
6 39 64 389 459 454 388
6 40 85 141 183 267 269
7 40 88 99 243 180 183 141
6 40 93 99 264 269 141
6 40 122 243 273 264 99
6 40 71 180 243 273 263
7 40 73 269 264 273 263 267
6 41 86 405 409 408 410
7 41 63 412 406 405 409 411
6 41 49 406 412 413 407
7 41 52 419 420 415 407 413
7 41 112 417 416 408 409 411
8 41 73 417 411 412 413 419 418
7 41 119 422 421 420 419 418
6 41 88 415 414 421 420
6 41 57 422 418 417 416
9 42 46 232 135 172 395 396 287 235
6 42 98 135 119 233 232
6 42 105 213 210 396 287
6 42 80 396 210 211 395
10 43 98 313 315 311 309 307 308 310 318
6 43 76 375 376 372 371
7 43 94 317 316 312 452 451
7 43 116 317 314 372 371 451
7 43 45 317 314 313 315 316
7 43 113 319 312 316 315 311
6 43 56 319 437 452 312
5 43 81 318 376 310
6 44 89 97 189 291 86
6 44 55 97 198 195 86
6 44 112 197 190 294 196
6 44 57 197 198 195 196
8 45 91 45 114 103 84 137 138
9 45 98 62 20 45 138 313 315 121
7 45 111 114 107 111 104 103
6 45 61 114 45 20 107
9 45 78 61 21 82 111 107 20 62
9 45 102 82 111 104 84 137 334 333
7 45 94 317 275 276 274 316
5 45 56 276 199 274
11 45 110 167 199 276 275 335 333 82 21 166
6 45 103 21 61 163 166
7 45 92 163 61 62 121 164
7 45 116 317 275 335 336 314
9 45 113 121 315 316 274 199 167 164
6 45 107 333 335 336 334
6 46 81 235 232 136 343
8 46 89 134 136 343 460 458 349
6 46 98 135 232 136 134
6 46 65 460 458 395 396
6 47 57 402 401 398 399
7 47 100 398 463 467 400 399
6 47 69 398 463 465 401
7 47 119 400 403 404 402 399
7 47 73 469 404 402 401 465
6 47 77 404 403 471 469
7 47 84 463 465 469 471 467
6 47 88 471 403 400 467
6 48 102 289 288 290 293
6 48 89 290 292 291 288
6 48 112 295 294 289 293
7 49 73 246 412 413 354 358
6 49 74 230 246 358 353
6 49 63 246 230 406 412
6 49 52 352 407 413 354
6 50 112 456 285 345 457
6 50 58 345 343 284 285
6 50 89 343 460 461 284
6 51 73 382 381 377 378
6 51 67 377 379 380 378
6 51 71 383 381 377 379
6 51 88 384 383 379 380
6 52 73 430 354 413 419
6 52 88 415 350 428 420
8 53 108 125 126 127 129 216 218
8 53 110 162 174 176 132 131 161
7 53 82 127 129 133 0 130
7 53 90 131 161 204 203 128
7 53 101 216 129 133 175 214
10 53 60 300 218 216 214 306 435 443 323
6 53 125 132 176 0 130
5 53 96 0 133 175
10 53 106 214 175 0 176 174 433 434 306
9 54 104 54 71 73 46 48 50 52
6 54 83 54 53 51 52
6 54 120 54 53 70 71
8 54 59 70 53 51 49 47 75
7 54 124 75 47 48 46 74
5 54 122 46 73 74
6 54 61 50 48 47 49
6 54 121 49 50 52 51
7 54 97 75 70 71 73 74
6 55 85 152 151 148 147
8 55 111 147 140 101 102 113 152
8 55 61 66 113 152 151 95 93
10 55 100 97 198 194 140 147 148 95 93
7 55 89 66 93 97 86 68
5 55 124 151 95 148
6 55 91 66 113 102 68
6 55 69 101 193 194 140
6 55 57 198 194 193 195
5 56 107 330 331 332
9 56 94 274 276 332 330 448 452 312
8 56 110 277 199 276 332 331 281
7 56 106 281 331 330 448 442
7 56 113 199 277 319 312 274
6 57 107 341 338 339 342
6 57 102 192 342 339 191
10 57 69 342 192 193 194 398 401 250 341
6 57 110 250 341 338 244
10 57 112 197 416 417 244 338 339 191 196
8 57 73 244 250 401 402 418 417
7 57 100 198 422 399 398 194
6 57 119 402 418 422 399
6 58 112 285 345 337 293
7 58 102 293 337 344 283 290
6 58 107 344 343 345 337
5 58 91 283 343 344
6 58 89 290 283 343 284
6 59 121 0 49 51 40
8 59 110 110 91 90 40 0 108
5 59 78 0 106 108
8 59 61 0 106 150 149 47 49
6 59 97 75 89 87 70
6 59 120 88 53 70 87
7 59 83 90 40 51 53 88
10 59 123 100 91 90 88 87 89 145 146
5 59 69 100 91 110
7 59 124 75 47 149 145 89
8 59 111 146 100 110 108 106 150
6 59 85 145 149 150 146
6 60 92 218 300 320 217
5 60 106 214 305 306
7 60 101 216 215 304 305 214
8 60 75 320 440 441 304 215 217
6 60 108 218 216 215 217
6 61 72 1 18 38 0
8 61 118 1 18 19 6 11 10
5 61 125 0 13 5
8 61 78 0 106 107 20 2 12
7 61 89 66 93 94 76 67
7 61 91 45 67 66 113 114
13 61 98 2 20 45 67 76 153 154 117 55 56 23
8 61 121 37 39 38 0 49 50
9 61 104 14 42 44 22 48 50 37
6 61 100 93 95 96 94
11 61 88 242 186 187 153 76 94 96 77 241
10 61 124 151 95 96 77 22 48 47 149
13 61 96 7 8 10 11 41 43 240 242 186 184 118
9 61 120 16 14 42 41 11 6 15
9 61 114 2 12 13 5 4 24 23
6 61 87 3 0 5 4
9 61 117 3 8 7 57 58 24 4
5 61 95 6 19 15
5 61 103 0 12 13
6 61 115 23 56 58 24
8 61 66 15 16 39 38 18 19
6 61 99 41 42 44 43
8 61 122 22 44 43 240 241 77
8 61 111 114 107 106 150 152 113
7 61 75 57 7 118 117 55
6 61 83 16 14 37 39
6 61 92 55 56 58 57
6 61 70 184 186 187 185
6 61 85 152 151 149 150
5 61 67 240 241 242
6 62 112 295 392 454 456
6 62 89 461 292 393 459
13 63 112 158 245 411 409 385 454 453 397 173 177 0
6 63 105 179 208 397 173
6 63 64 348 388 454 455
6 63 106 0 223 179 177
5 63 83 120 158 0
7 63 120 0 120 158 245 251
7 63 73 245 251 246 412 411
10 63 74 0 251 246 230 231 229 228 223
6 63 80 209 208 397 394
7 63 101 179 208 209 228 223
6 63 65 455 394 397 453
6 63 86 386 405 409 385
6 64 89 349 458 459 389
6 65 80 396 395 394 397
5 65 112 397 457 453
6 66 95 19 0 17 15
5 66 120 17 15 16
6 66 83 17 16 39 0
5 66 118 0 18 19
5 66 121 0 38 39
5 66 72 18 0 38
7 67 99 239 236 237 260 259
7 67 96 242 240 236 237 238
9 67 122 241 240 236 239 261 273 243
7 67 70 347 260 237 238 346
9 67 88 242 241 243 379 380 346 238
5 67 97 239 261 259
9 67 73 378 347 260 259 261 273 377
6 67 71 243 273 377 379
6 68 70 423 424 426 425
6 68 88 427 428 424 423
6 68 73 430 429 425 426
11 69 111 112 109 110 100 256 255 140 101 105
6 69 123 100 91 249 256
10 69 110 110 91 249 250 341 340 83 109
6 69 109 140 462 464 255
7 69 100 140 194 398 463 462
8 69 102 112 83 340 342 192 105
5 69 78 83 109 112
5 69 107 341 340 342
9 69 73 249 250 401 465 464 255 256
6 69 84 462 463 465 464
9 70 96 226 184 186 238 237 361 363
9 70 88 186 187 351 424 423 346 238
7 70 73 426 359 260 347 425
6 70 99 237 361 359 260
5 70 74 226 363 357
6 71 88 243 180 383 379
6 71 73 381 263 273 377
5 72 118 1 18 0
8 73 85 265 270 271 269 267 266
6 73 93 264 268 271 269
6 73 84 464 465 469 468
6 73 77 382 429 404 469
8 73 112 244 248 253 245 411 417
7 73 110 250 249 247 248 244
6 73 124 272 270 271 268
7 73 122 272 261 273 264 268
9 73 120 245 251 254 257 258 252 253
7 73 74 254 251 246 358 360
10 73 123 272 258 252 247 249 256 265 270
6 73 83 247 248 253 252
8 73 99 260 359 360 254 257 259
6 73 109 262 255 464 468
7 73 111 255 256 265 266 262
7 73 97 272 261 259 257 258
6 73 119 402 418 419 404
5 74 106 224 0 223
9 74 96 226 225 224 0 222 362 363
6 74 120 222 0 251 254
6 74 99 222 254 360 362
7 74 101 228 223 224 225 227
7 75 92 55 57 60 217 320
7 75 108 78 9 60 217 215
6 75 117 7 57 60 9
9 75 98 320 55 117 115 122 219 440
9 75 101 78 215 304 303 122 115 116
7 75 96 7 118 116 78 9
6 75 79 122 219 301 303
6 76 107 373 374 370 369
6 76 116 369 371 372 370
6 77 88 384 427 403 471
6 78 115 25 62 61 26
7 78 103 0 12 26 61 21
8 78 110 21 0 108 109 83 82
6 78 114 26 12 2 25
6 78 98 2 20 62 25
6 78 102 112 83 82 111
8 78 111 112 109 108 106 107 111
9 79 101 124 122 303 302 178 168 170
7 79 98 220 123 124 122 219
6 79 106 178 367 364 302
6 80 105 397 208 210 396
6 80 101 210 211 209 208
6 81 91 318 136 343 325
6 81 98 136 232 310 318
6 81 107 324 343 325 374
5 82 87 0 32 33
6 82 114 35 32 33 34
6 82 117 0 32 35 36
6 82 125 130 34 33 0
5 82 96 0 133 79
7 82 108 79 0 36 127 129
5 82 101 79 129 133
5 83 95 0 17 120
12 83 120 54 14 16 17 120 158 253 252 88 53
8 83 121 37 39 0 40 51 52
7 83 110 0 248 247 90 40
6 83 104 54 14 37 52
6 83 123 90 88 252 247
6 83 112 158 253 248 0
7 84 109 470 468 464 462 466
6 84 100 462 463 467 466
6 84 88 470 471 467 466
10 85 111 147 152 150 146 265 266 182 144
6 85 93 142 271 269 141
8 85 88 183 141 142 143 144 182
10 85 124 151 149 145 270 271 142 143 148
6 85 100 148 147 144 143
6 85 123 146 145 270 265
6 86 89 189 393 391 188
7 86 112 392 190 408 409 385
6 87 117 0 3 4 32
5 87 125 0 5 33
6 87 114 4 5 33 32
6 88 93 98 99 141 142
7 88 122 241 77 98 99 243
5 88 96 242 186 238
7 88 89 157 92 94 76 155
5 88 98 155 76 153
7 88 124 98 77 96 143 142
12 88 100 92 421 400 467 466 139 144 143 96 94
6 88 111 182 144 139 181
6 88 109 181 139 466 470
6 88 119 400 421 420 403
9 89 91 136 67 66 68 85 283 343
6 89 102 85 283 290 288
8 89 98 156 134 136 67 76 155
6 89 100 97 92 94 93
7 90 103 31 30 27 165 160
7 90 110 165 27 28 131 161
6 90 125 30 29 28 27
7 90 114 31 30 29 63 64
7 90 115 31 64 200 201 160
7 91 98 67 45 138 318 136
6 91 111 114 113 102 103
7 91 102 84 137 344 283 85
5 91 107 325 343 344
8 92 98 207 121 62 56 55 320
10 92 115 81 59 58 56 62 61 159 297
6 92 117 57 58 59 60
7 92 108 81 59 60 217 218
5 92 103 61 159 163
6 92 113 121 207 206 164
6 93 124 98 268 271 142
6 93 122 98 268 264 99
7 94 116 317 275 326 447 451
5 94 113 274 316 312
6 94 107 447 326 332 330
5 94 106 330 448 447
6 94 110 275 276 332 326
5 95 118 0 6 19
7 95 120 17 120 0 6 15
5 96 106 224 175 0
5 96 118 0 10 11
6 96 117 0 8 7 9
6 96 120 0 11 41 222
6 96 108 79 0 9 78
9 96 101 78 79 133 175 224 225 116
9 96 99 41 43 236 237 361 362 222
5 96 122 240 43 236
7 97 99 72 239 259 257 69
8 97 122 73 72 239 261 272 74
6 97 123 89 87 258 272
6 97 124 75 89 272 74
6 97 104 69 71 73 72
8 97 120 87 70 71 69 257 258
5 98 114 2 23 25
7 98 113 121 315 311 321 207
6 98 115 23 56 62 25
5 98 101 124 115 122
8 99 120 222 41 42 69 257 254
6 99 104 44 42 69 72
7 99 122 43 44 72 239 236
6 100 124 96 95 148 143
6 100 109 139 466 462 140
6 100 111 147 140 139 144
6 100 119 400 421 422 399
7 101 108 79 78 215 216 129
10 101 106 224 175 214 305 302 178 179 223
6 101 105 179 208 210 178
6 102 111 112 111 104 105
6 102 110 82 83 340 333
7 102 112 289 191 339 337 293
9 102 107 342 340 333 334 344 337 339
6 103 125 30 13 0 27
7 103 114 26 12 13 30 31
7 103 110 21 0 27 165 166
7 103 115 31 26 61 159 160
7 104 120 54 14 42 69 71
5 104 121 37 50 52
7 104 122 46 22 44 72 73
5 104 124 22 48 46
6 105 112 397 173 212 286
9 106 110 0 176 174 280 281 331 328
7 106 107 447 329 328 331 330
6 106 112 0 328 329 177
8 107 116 447 369 370 336 335 326
11 107 110 326 335 333 340 341 338 328 331 332
9 107 112 338 328 329 327 345 337 339
6 108 115 81 59 65 80
8 108 117 65 36 0 9 60 59
7 109 111 139 181 262 255 140
6 110 113 199 167 279 277
5 110 111 110 108 109
7 110 125 0 27 28 132 176
7 110 112 338 244 248 0 328
6 110 123 90 91 249 247
5 110 116 275 335 326
6 111 123 100 146 265 256
5 112 120 158 253 245
9 114 115 23 24 65 64 31 26 25
7 114 117 65 24 4 32 35
8 114 125 30 13 5 33 34 29
6 115 117 65 24 58 59
5 118 120 0 11 6
6 120 123 87 88 252 258
9 122 124 22 77 98 268 272 74 46
6 123 124 89 145 270 272
